Backscattered Energy
Energy (KeV)	Hits (Normalized)
0	0
0.100334	0
0.200669	0
0.301003	0
0.401338	3.59699e-005
0.501672	3.59699e-005
0.602007	0
0.702341	0
0.802676	7.19399e-005
0.90301	3.59699e-005
1.00334	3.59699e-005
1.10368	0.00010791
1.20401	7.19399e-005
1.30435	3.59699e-005
1.40468	0.00010791
1.50502	0
1.60535	3.59699e-005
1.70569	0.00010791
1.80602	0.00014388
1.90635	0.000287759
2.00669	0.00021582
2.10702	0.00025179
2.20736	0.00021582
2.30769	0.00021582
2.40803	0.00025179
2.50836	0.00017985
2.6087	0.00010791
2.70903	0.00017985
2.80936	0.00010791
2.9097	0.00010791
3.01003	0.00021582
3.11037	0.00017985
3.2107	0.000359699
3.31104	0.000323729
3.41137	0.000431639
3.51171	0.00017985
3.61204	0.000431639
3.71237	0.000467609
3.81271	0.00014388
3.91304	0.000503579
4.01338	0.000503579
4.11371	0.000683429
4.21405	0.000467609
4.31438	0.000503579
4.41472	0.000359699
4.51505	0.000647459
4.61538	0.000467609
4.71572	0.000539549
4.81605	0.000503579
4.91639	0.000395669
5.01672	0.000683429
5.11706	0.000539549
5.21739	0.000503579
5.31773	0.00025179
5.41806	0.000647459
5.51839	0.000611489
5.61873	0.000683429
5.71906	0.000827308
5.8194	0.000467609
5.91973	0.000719399
6.02007	0.000719399
6.1204	0.000683429
6.22074	0.000827308
6.32107	0.000791338
6.4214	0.0010791
6.52174	0.000719399
6.62207	0.000683429
6.72241	0.000683429
6.82274	0.00111507
6.92308	0.000611489
7.02341	0.000791338
7.12375	0.00118701
7.22408	0.000755369
7.32441	0.000899248
7.42475	0.00100716
7.52508	0.00100716
7.62542	0.00111507
7.72575	0.00125895
7.82609	0.00118701
7.92642	0.000899248
8.02676	0.00133089
8.12709	0.00129492
8.22742	0.00122298
8.32776	0.00115104
8.42809	0.00172656
8.52843	0.00161865
8.62876	0.00122298
8.7291	0.00136686
8.82943	0.00151074
8.92977	0.000971188
9.0301	0.00169059
9.13043	0.00140283
9.23077	0.0014388
9.3311	0.00140283
9.43144	0.00136686
9.53177	0.00187044
9.63211	0.00158268
9.73244	0.00197835
9.83278	0.00176253
9.93311	0.00201432
10.0334	0.00197835
10.1338	0.00183447
10.2341	0.00151074
10.3344	0.00212223
10.4348	0.00201432
10.5351	0.0017985
10.6355	0.00190641
10.7358	0.00169059
10.8361	0.00151074
10.9365	0.00226611
11.0368	0.00194238
11.1371	0.0025179
11.2375	0.00212223
11.3378	0.00233805
11.4381	0.00208626
11.5385	0.00194238
11.6388	0.00197835
11.7391	0.00255386
11.8395	0.00223014
11.9398	0.00258983
12.0401	0.00237402
12.1405	0.0026258
12.2408	0.00230208
12.3411	0.00233805
12.4415	0.00345311
12.5418	0.00226611
12.6421	0.00287759
12.7425	0.00237402
12.8428	0.00255386
12.9431	0.00302147
13.0435	0.00323729
13.1438	0.00280565
13.2441	0.00258983
13.3445	0.00269774
13.4448	0.00255386
13.5452	0.00316535
13.6455	0.00269774
13.7458	0.00302147
13.8462	0.00255386
13.9465	0.00276968
14.0468	0.00341714
14.1472	0.00312938
14.2475	0.00273371
14.3478	0.00348908
14.4482	0.00330923
14.5485	0.0029855
14.6488	0.00323729
14.7492	0.00341714
14.8495	0.00384878
14.9498	0.00309341
15.0502	0.00345311
15.1505	0.00395669
15.2508	0.00402863
15.3512	0.00316535
15.4515	0.00392072
15.5518	0.00305744
15.6522	0.00366893
15.7525	0.0040646
15.8528	0.00395669
15.9532	0.00363296
16.0535	0.00402863
16.1538	0.00312938
16.2542	0.00395669
16.3545	0.00467609
16.4548	0.00352505
16.5552	0.00374087
16.6555	0.0040646
16.7559	0.0040646
16.8562	0.0044243
16.9565	0.00420848
17.0569	0.00499982
17.1572	0.00496385
17.2575	0.00420848
17.3579	0.00535952
17.4582	0.00474803
17.5585	0.00428042
17.6589	0.00456818
17.7592	0.00539549
17.8595	0.00464012
17.9599	0.00499982
18.0602	0.00464012
18.1605	0.004784
18.2609	0.00489191
18.3612	0.00499982
18.4615	0.00543146
18.5619	0.00561131
18.6622	0.00561131
18.7625	0.00507176
18.8629	0.00535952
18.9632	0.00543146
19.0635	0.00568325
19.1639	0.00553937
19.2642	0.00517967
19.3645	0.0065825
19.4649	0.0058631
19.5652	0.00672638
19.6656	0.00568325
19.7659	0.00575519
19.8662	0.00561131
19.9666	0.00611489
20.0669	0.00651056
20.1672	0.00561131
20.2676	0.00607892
20.3679	0.00661847
20.4682	0.00618683
20.5686	0.00705011
20.6689	0.00611489
20.7692	0.00722996
20.8696	0.00665444
20.9699	0.0062228
21.0702	0.00697817
21.1706	0.00669041
21.2709	0.0062228
21.3712	0.00636668
21.4716	0.00744578
21.5719	0.00722996
21.6722	0.00604295
21.7726	0.00683429
21.8729	0.00633071
21.9732	0.00697817
22.0736	0.00651056
22.1739	0.00651056
22.2742	0.0065825
22.3746	0.00629474
22.4749	0.0073019
22.5753	0.00665444
22.6756	0.00748175
22.7759	0.00687026
22.8763	0.00722996
22.9766	0.00651056
23.0769	0.00647459
23.1773	0.00676235
23.2776	0.00758966
23.3779	0.0065825
23.4783	0.00705011
23.5786	0.00744578
23.6789	0.0065825
23.7793	0.00690623
23.8796	0.00726593
23.9799	0.00672638
24.0803	0.00647459
24.1806	0.00618683
24.2809	0.00676235
24.3813	0.00629474
24.4816	0.00687026
24.5819	0.00643862
24.6823	0.00758966
24.7826	0.00690623
24.8829	0.00676235
24.9833	0.00672638
25.0836	0.00654653
25.1839	0.00643862
25.2843	0.00661847
25.3846	0.00787741
25.4849	0.00705011
25.5853	0.00582713
25.6856	0.00661847
25.786	0.00561131
25.8863	0.00535952
25.9866	0.00708608
26.087	0.00597101
26.1873	0.00525161
26.2876	0.00611489
26.388	0.00643862
26.4883	0.00553937
26.5886	0.00510773
26.689	0.00507176
26.7893	0.00575519
26.8896	0.00557534
26.99	0.00467609
27.0903	0.00489191
27.1906	0.00575519
27.291	0.00496385
27.3913	0.00525161
27.4916	0.00543146
27.592	0.00496385
27.6923	0.00464012
27.7926	0.00449624
27.893	0.00481997
27.9933	0.00474803
28.0936	0.00410057
28.194	0.00496385
28.2943	0.00431639
28.3946	0.00413654
28.495	0.00435236
28.5953	0.00424445
28.6957	0.00402863
28.796	0.00323729
28.8963	0.00330923
28.9967	0.00330923
29.097	0.00348908
29.1973	0.00338117
29.2977	0.00258983
29.398	0.00273371
29.4983	0.00284162
29.5987	0.00258983
29.699	0.00280565
29.7993	0.00266177
29.8997	0.00219417
30	0
