Backscattered Energy
Energy (KeV)	Hits (Normalized)
0	0
0.133779	3.74111e-005
0.267559	0
0.401338	7.48223e-005
0.535117	0
0.668896	0
0.802676	0
0.936455	0
1.07023	0
1.20401	7.48223e-005
1.33779	7.48223e-005
1.47157	3.74111e-005
1.60535	0
1.73913	3.74111e-005
1.87291	3.74111e-005
2.00669	3.74111e-005
2.14047	0.000149645
2.27425	3.74111e-005
2.40803	0.000187056
2.54181	7.48223e-005
2.67559	0.000261878
2.80936	7.48223e-005
2.94314	0.000224467
3.07692	0.000112233
3.2107	0.000187056
3.34448	0.000299289
3.47826	0.000299289
3.61204	0.000187056
3.74582	0.000187056
3.8796	0.000374111
4.01338	0.000149645
4.14716	0.000149645
4.28094	0.000299289
4.41472	0.000299289
4.54849	0.000448934
4.68227	0.000411523
4.81605	0.0003367
4.94983	0.0003367
5.08361	0.000448934
5.21739	0.000561167
5.35117	0.000561167
5.48495	0.000411523
5.61873	0.0003367
5.75251	0.000561167
5.88629	0.000448934
6.02007	0.000710812
6.15385	0.000823045
6.28763	0.000299289
6.4214	0.000561167
6.55518	0.000523756
6.68896	0.000448934
6.82274	0.000823045
6.95652	0.000673401
7.0903	0.00063599
7.22408	0.000598578
7.35786	0.00112233
7.49164	0.000673401
7.62542	0.000523756
7.7592	0.000860456
7.89298	0.000748223
8.02676	0.000823045
8.16054	0.000785634
8.29431	0.000823045
8.42809	0.000823045
8.56187	0.00108492
8.69565	0.00097269
8.82943	0.000673401
8.96321	0.00112233
9.09699	0.0010101
9.23077	0.000748223
9.36455	0.000823045
9.49833	0.000935279
9.63211	0.000935279
9.76589	0.00115975
9.89967	0.00127198
10.0334	0.00112233
10.1672	0.00104751
10.301	0.00115975
10.4348	0.000860456
10.5686	0.00130939
10.7023	0.0013468
10.8361	0.00112233
10.9699	0.000935279
11.1037	0.00175832
11.2375	0.0016835
11.3712	0.00115975
11.505	0.00172091
11.6388	0.00157127
11.7726	0.00115975
11.9064	0.00198279
12.0401	0.00130939
12.1739	0.00149645
12.3077	0.00153386
12.4415	0.00157127
12.5753	0.0016835
12.709	0.00179574
12.8428	0.00153386
12.9766	0.0020202
13.1104	0.00183315
13.2441	0.00220726
13.3779	0.00228208
13.5117	0.0020202
13.6455	0.00190797
13.7793	0.00194538
13.913	0.00172091
14.0468	0.00183315
14.1806	0.00246914
14.3144	0.00213244
14.4482	0.00149645
14.5819	0.00179574
14.7157	0.00246914
14.8495	0.00220726
14.9833	0.00228208
15.1171	0.00194538
15.2508	0.00209502
15.3846	0.00224467
15.5184	0.00239431
15.6522	0.00209502
15.786	0.0026936
15.9197	0.00284325
16.0535	0.00254396
16.1873	0.00280584
16.3211	0.00295548
16.4548	0.00261878
16.5886	0.00246914
16.7224	0.00321736
16.8562	0.00291807
16.99	0.00280584
17.1237	0.00276842
17.2575	0.00317995
17.3913	0.00310513
17.5251	0.00359147
17.6589	0.00265619
17.7926	0.00310513
17.9264	0.00261878
18.0602	0.00325477
18.194	0.003367
18.3278	0.00295548
18.4615	0.00314254
18.5953	0.00385335
18.7291	0.00310513
18.8629	0.003367
18.9967	0.00400299
19.1304	0.00325477
19.2642	0.00392817
19.398	0.00321736
19.5318	0.00325477
19.6656	0.00332959
19.7993	0.00366629
19.9331	0.0043771
20.0669	0.00396558
20.2007	0.00340441
20.3344	0.0040404
20.4682	0.0043771
20.602	0.00445193
20.7358	0.00441452
20.8696	0.00463898
21.0033	0.0043771
21.1371	0.0047138
21.2709	0.00411523
21.4047	0.00482604
21.5385	0.00456416
21.6722	0.00445193
21.806	0.00430228
21.9398	0.00422746
22.0736	0.00452675
22.2074	0.00520015
22.3411	0.00445193
22.4749	0.00549944
22.6087	0.00579873
22.7425	0.00460157
22.8763	0.00493827
23.01	0.00549944
23.1438	0.00508792
23.2776	0.00561167
23.4114	0.00520015
23.5452	0.00583614
23.6789	0.00546203
23.8127	0.00531238
23.9465	0.00527497
24.0803	0.00467639
24.214	0.00568649
24.3478	0.00572391
24.4816	0.00538721
24.6154	0.00591096
24.7492	0.00527497
24.8829	0.00553685
25.0167	0.00508792
25.1505	0.00650954
25.2843	0.0063599
25.4181	0.00591096
25.5518	0.00553685
25.6856	0.00647213
25.8194	0.00598578
25.9532	0.00606061
26.087	0.00639731
26.2207	0.00628507
26.3545	0.00587355
26.4883	0.00606061
26.6221	0.00632248
26.7559	0.00594837
26.8896	0.00624766
27.0234	0.00609802
27.1572	0.00692106
27.291	0.00845492
27.4247	0.0066966
27.5585	0.00621025
27.6923	0.00684624
27.8261	0.00707071
27.9599	0.00729517
28.0936	0.00609802
28.2274	0.00673401
28.3612	0.00763187
28.495	0.00707071
28.6288	0.0080434
28.7625	0.00643472
28.8963	0.00725776
29.0301	0.00729517
29.1639	0.00684624
29.2977	0.0070333
29.4314	0.00766929
29.5652	0.00695847
29.699	0.00733259
29.8328	0.00665918
29.9666	0.00643472
30.1003	0.00662177
30.2341	0.00628507
30.3679	0.00677142
30.5017	0.00722035
30.6355	0.00621025
30.7692	0.00665918
30.903	0.0063599
31.0368	0.00583614
31.1706	0.00658436
31.3043	0.00568649
31.4381	0.0066966
31.5719	0.00561167
31.7057	0.00606061
31.8395	0.00606061
31.9732	0.00766929
32.107	0.0063599
32.2408	0.0063599
32.3746	0.00628507
32.5084	0.00617284
32.6421	0.00699588
32.7759	0.00594837
32.9097	0.00583614
33.0435	0.00684624
33.1773	0.0070333
33.311	0.00632248
33.4448	0.00534979
33.5786	0.00606061
33.7124	0.00534979
33.8462	0.00624766
33.9799	0.00557426
34.1137	0.00527497
34.2475	0.00587355
34.3813	0.00609802
34.5151	0.00512533
34.6488	0.00546203
34.7826	0.00587355
34.9164	0.00475122
35.0502	0.00546203
35.1839	0.00493827
35.3177	0.00486345
35.4515	0.00478863
35.5853	0.0047138
35.7191	0.00426487
35.8528	0.00392817
35.9866	0.00482604
36.1204	0.00411523
36.2542	0.00456416
36.388	0.00478863
36.5217	0.00407782
36.6555	0.00392817
36.7893	0.00374111
36.9231	0.00486345
37.0569	0.003367
37.1906	0.00366629
37.3244	0.00407782
37.4582	0.00295548
37.592	0.00329218
37.7258	0.00381594
37.8595	0.0026936
37.9933	0.00317995
38.1271	0.00332959
38.2609	0.00288066
38.3946	0.00284325
38.5284	0.00351665
38.6622	0.00314254
38.796	0.0023569
38.9298	0.00228208
39.0635	0.00224467
39.1973	0.00216985
39.3311	0.00246914
39.4649	0.00213244
39.5987	0.00258137
39.7324	0.00231949
39.8662	0.0016835
40	0
