Energy of Surface Radius of BE
Radius (nm)	KeV / nm²
0	0
86.6202	2.69592e-005
173.24	4.43769e-006
259.861	3.17979e-006
346.481	2.22903e-006
433.101	1.88564e-006
519.721	1.52733e-006
606.342	1.36713e-006
692.962	1.24902e-006
779.582	1.18413e-006
866.202	1.07318e-006
952.823	9.71297e-007
1039.44	9.58669e-007
1126.06	9.08299e-007
1212.68	8.55476e-007
1299.3	7.49707e-007
1385.92	7.69053e-007
1472.54	7.15008e-007
1559.16	6.78359e-007
1645.78	7.08804e-007
1732.4	6.26415e-007
1819.02	6.31107e-007
1905.65	5.72595e-007
1992.27	5.99555e-007
2078.89	5.24676e-007
2165.51	5.3532e-007
2252.13	4.98102e-007
2338.75	4.70153e-007
2425.37	4.46799e-007
2511.99	4.34744e-007
2598.61	3.86482e-007
2685.23	3.79752e-007
2771.85	3.4442e-007
2858.47	3.15607e-007
2945.09	3.33764e-007
3031.71	2.88529e-007
3118.33	2.79386e-007
3204.95	2.75006e-007
3291.57	2.54288e-007
3378.19	2.38005e-007
3464.81	2.08688e-007
3551.43	2.07536e-007
3638.05	1.76611e-007
3724.67	1.83896e-007
3811.29	1.66874e-007
3897.91	1.59754e-007
3984.53	1.56036e-007
4071.15	1.32856e-007
4157.77	1.21428e-007
4244.39	1.0651e-007
4331.01	9.83045e-008
4417.63	8.97109e-008
4504.25	8.97403e-008
4590.87	8.32481e-008
4677.49	8.3838e-008
4764.11	6.49445e-008
4850.73	5.84214e-008
4937.35	5.6902e-008
5023.97	5.46727e-008
5110.59	4.70162e-008
5197.21	4.25216e-008
5283.83	4.4245e-008
5370.45	3.25285e-008
5457.07	3.42565e-008
5543.69	3.05446e-008
5630.32	2.35396e-008
5716.94	2.49833e-008
5803.56	2.0282e-008
5890.18	1.79563e-008
5976.8	1.53171e-008
6063.42	1.25644e-008
6150.04	1.14038e-008
6236.66	1.19526e-008
6323.28	1.10881e-008
6409.9	9.83131e-009
6496.52	7.60809e-009
6583.14	5.84938e-009
6669.76	6.49086e-009
6756.38	4.81542e-009
6843	6.06233e-009
6929.62	3.14418e-009
7016.24	2.43039e-009
7102.86	2.23796e-009
7189.48	2.72829e-009
7276.1	2.1247e-009
7362.72	2.29258e-009
7449.34	1.22057e-009
7535.96	4.95477e-010
7622.58	1.77199e-009
7709.2	7.15001e-010
7795.82	6.70693e-010
7882.44	7.5732e-010
7969.06	8.94273e-010
8055.68	2.71063e-010
8142.3	1.14691e-010
8228.92	4.48849e-010
8315.54	2.13284e-010
8402.16	4.61571e-011
8488.78	0
8575.4	0
8662.02	1.82783e-010
8748.64	3.52245e-011
8835.26	8.52903e-011
8921.88	0
9008.5	0
9095.12	0
9181.74	7.77701e-011
9268.36	0
9354.99	0
9441.61	0
9528.23	0
9614.85	0
9701.47	0
9788.09	0
9874.71	0
9961.33	0
10047.9	0
10134.6	0
10221.2	0
10307.8	0
10394.4	0
10481	0
10567.7	0
10654.3	0
10740.9	0
10827.5	0
10914.1	0
11000.8	0
11087.4	0
11174	0
11260.6	0
11347.3	0
11433.9	0
11520.5	0
11607.1	0
11693.7	0
11780.4	0
11867	0
11953.6	0
12040.2	0
12126.8	0
12213.5	0
12300.1	0
12386.7	0
12473.3	0
12559.9	0
12646.6	0
12733.2	0
12819.8	0
12906.4	0
12993	0
13079.7	0
13166.3	0
13252.9	0
13339.5	0
13426.1	0
13512.8	0
13599.4	0
13686	0
13772.6	0
13859.2	0
13945.9	0
14032.5	0
14119.1	0
14205.7	0
14292.3	0
14379	0
14465.6	0
14552.2	0
14638.8	0
14725.4	0
14812.1	0
14898.7	0
14985.3	0
15071.9	0
15158.5	0
15245.2	0
15331.8	0
15418.4	0
15505	0
15591.6	0
15678.3	0
15764.9	0
15851.5	0
15938.1	0
16024.7	0
16111.4	0
16198	0
16284.6	0
16371.2	0
16457.8	0
16544.5	0
16631.1	0
16717.7	0
16804.3	0
16890.9	0
16977.6	0
17064.2	0
17150.8	0
17237.4	0
17324	0
17410.7	0
17497.3	0
17583.9	0
17670.5	0
17757.1	0
17843.8	0
17930.4	0
18017	0
18103.6	0
18190.2	0
18276.9	0
18363.5	0
18450.1	0
18536.7	0
18623.3	0
18710	0
18796.6	0
18883.2	0
18969.8	0
19056.5	0
19143.1	0
19229.7	0
19316.3	0
19402.9	0
19489.6	0
19576.2	0
19662.8	0
19749.4	0
19836	0
19922.7	0
20009.3	0
20095.9	0
20182.5	0
20269.1	0
20355.8	0
20442.4	0
20529	0
20615.6	0
20702.2	0
20788.9	0
20875.5	0
20962.1	0
21048.7	0
21135.3	0
21222	0
21308.6	0
21395.2	0
21481.8	0
21568.4	0
21655.1	0
21741.7	0
21828.3	0
21914.9	0
22001.5	0
22088.2	0
22174.8	0
22261.4	0
22348	0
22434.6	0
22521.3	0
22607.9	0
22694.5	0
22781.1	0
22867.7	0
22954.4	0
23041	0
23127.6	0
23214.2	0
23300.8	0
23387.5	0
23474.1	0
23560.7	0
23647.3	0
23733.9	0
23820.6	0
23907.2	0
23993.8	0
24080.4	0
24167	0
24253.7	0
24340.3	0
24426.9	0
24513.5	0
24600.1	0
24686.8	0
24773.4	0
24860	0
24946.6	0
25033.2	0
25119.9	0
25206.5	0
25293.1	0
25379.7	0
25466.3	0
25553	0
25639.6	0
25726.2	0
25812.8	0
25899.4	0
