Surface Radius of BE
Radius (nm)	Hits (Normalized) / nm²
0	0
86.6202	7.06273e-007
173.24	1.24854e-007
259.861	9.04664e-008
346.481	6.43921e-008
433.101	5.53732e-008
519.721	4.50168e-008
606.342	4.212e-008
692.962	3.72446e-008
779.582	3.66907e-008
866.202	3.32462e-008
952.823	3.04578e-008
1039.44	3.05005e-008
1126.06	2.87588e-008
1212.68	2.72751e-008
1299.3	2.47921e-008
1385.92	2.55989e-008
1472.54	2.39031e-008
1559.16	2.33535e-008
1645.78	2.39785e-008
1732.4	2.10396e-008
1819.02	2.21037e-008
1905.65	1.99314e-008
1992.27	2.06327e-008
2078.89	1.86741e-008
2165.51	1.90779e-008
2252.13	1.7863e-008
2338.75	1.71889e-008
2425.37	1.66504e-008
2511.99	1.59827e-008
2598.61	1.44456e-008
2685.23	1.44923e-008
2771.85	1.34024e-008
2858.47	1.2111e-008
2945.09	1.29813e-008
3031.71	1.15009e-008
3118.33	1.11993e-008
3204.95	1.10664e-008
3291.57	1.03904e-008
3378.19	9.70829e-009
3464.81	8.67899e-009
3551.43	8.64104e-009
3638.05	7.40023e-009
3724.67	7.91698e-009
3811.29	7.29715e-009
3897.91	7.044e-009
3984.53	6.9764e-009
4071.15	5.93894e-009
4157.77	5.52989e-009
4244.39	4.99046e-009
4331.01	4.74536e-009
4417.63	4.30568e-009
4504.25	4.37616e-009
4590.87	4.05096e-009
4677.49	4.12357e-009
4764.11	3.24706e-009
4850.73	2.8454e-009
4937.35	2.89335e-009
5023.97	2.81543e-009
5110.59	2.496e-009
5197.21	2.26733e-009
5283.83	2.33479e-009
5370.45	1.81939e-009
5457.07	1.94265e-009
5543.69	1.6996e-009
5630.32	1.39028e-009
5716.94	1.46597e-009
5803.56	1.22913e-009
5890.18	1.11687e-009
5976.8	8.92037e-010
6063.42	7.76438e-010
6150.04	7.20399e-010
6236.66	7.21423e-010
6323.28	6.45798e-010
6409.9	6.90995e-010
6496.52	4.89986e-010
6583.14	4.20432e-010
6669.76	4.14936e-010
6756.38	3.27666e-010
6843	4.44801e-010
6929.62	2.09621e-010
7016.24	1.87301e-010
7102.86	1.65529e-010
7189.48	2.01998e-010
7276.1	1.61564e-010
7362.72	1.87826e-010
7449.34	1.20659e-010
7535.96	3.66966e-011
7622.58	1.45109e-010
7709.2	6.27679e-011
7795.82	6.20665e-011
7882.44	7.01494e-011
7969.06	7.80556e-011
8055.68	2.57372e-011
8142.3	1.69747e-011
8228.92	3.35901e-011
8315.54	1.66192e-011
8402.16	8.22347e-012
8488.78	0
8575.4	0
8662.02	1.59511e-011
8748.64	7.89617e-012
8835.26	7.81837e-012
8921.88	0
9008.5	0
9095.12	0
9181.74	7.52194e-012
9268.36	0
9354.99	0
9441.61	0
9528.23	0
9614.85	0
9701.47	0
9788.09	0
9874.71	0
9961.33	0
10047.9	0
10134.6	0
10221.2	0
10307.8	0
10394.4	0
10481	0
10567.7	0
10654.3	0
10740.9	0
10827.5	0
10914.1	0
11000.8	0
11087.4	0
11174	0
11260.6	0
11347.3	0
11433.9	0
11520.5	0
11607.1	0
11693.7	0
11780.4	0
11867	0
11953.6	0
12040.2	0
12126.8	0
12213.5	0
12300.1	0
12386.7	0
12473.3	0
12559.9	0
12646.6	0
12733.2	0
12819.8	0
12906.4	0
12993	0
13079.7	0
13166.3	0
13252.9	0
13339.5	0
13426.1	0
13512.8	0
13599.4	0
13686	0
13772.6	0
13859.2	0
13945.9	0
14032.5	0
14119.1	0
14205.7	0
14292.3	0
14379	0
14465.6	0
14552.2	0
14638.8	0
14725.4	0
14812.1	0
14898.7	0
14985.3	0
15071.9	0
15158.5	0
15245.2	0
15331.8	0
15418.4	0
15505	0
15591.6	0
15678.3	0
15764.9	0
15851.5	0
15938.1	0
16024.7	0
16111.4	0
16198	0
16284.6	0
16371.2	0
16457.8	0
16544.5	0
16631.1	0
16717.7	0
16804.3	0
16890.9	0
16977.6	0
17064.2	0
17150.8	0
17237.4	0
17324	0
17410.7	0
17497.3	0
17583.9	0
17670.5	0
17757.1	0
17843.8	0
17930.4	0
18017	0
18103.6	0
18190.2	0
18276.9	0
18363.5	0
18450.1	0
18536.7	0
18623.3	0
18710	0
18796.6	0
18883.2	0
18969.8	0
19056.5	0
19143.1	0
19229.7	0
19316.3	0
19402.9	0
19489.6	0
19576.2	0
19662.8	0
19749.4	0
19836	0
19922.7	0
20009.3	0
20095.9	0
20182.5	0
20269.1	0
20355.8	0
20442.4	0
20529	0
20615.6	0
20702.2	0
20788.9	0
20875.5	0
20962.1	0
21048.7	0
21135.3	0
21222	0
21308.6	0
21395.2	0
21481.8	0
21568.4	0
21655.1	0
21741.7	0
21828.3	0
21914.9	0
22001.5	0
22088.2	0
22174.8	0
22261.4	0
22348	0
22434.6	0
22521.3	0
22607.9	0
22694.5	0
22781.1	0
22867.7	0
22954.4	0
23041	0
23127.6	0
23214.2	0
23300.8	0
23387.5	0
23474.1	0
23560.7	0
23647.3	0
23733.9	0
23820.6	0
23907.2	0
23993.8	0
24080.4	0
24167	0
24253.7	0
24340.3	0
24426.9	0
24513.5	0
24600.1	0
24686.8	0
24773.4	0
24860	0
24946.6	0
25033.2	0
25119.9	0
25206.5	0
25293.1	0
25379.7	0
25466.3	0
25553	0
25639.6	0
25726.2	0
25812.8	0
25899.4	0
