Backscattered Energy
Energy (KeV)	Hits (Normalized)
0	0
0.100334	0
0.200669	0
0.301003	0
0.401338	0
0.501672	0
0.602007	0
0.702341	0.000361925
0.802676	0
0.90301	0
1.00334	0
1.10368	0
1.20401	0
1.30435	0
1.40468	0
1.50502	0.000361925
1.60535	0
1.70569	0
1.80602	0.000361925
1.90635	0.000361925
2.00669	0.000723851
2.10702	0.00108578
2.20736	0
2.30769	0.000361925
2.40803	0
2.50836	0
2.6087	0
2.70903	0.000361925
2.80936	0.000723851
2.9097	0
3.01003	0
3.11037	0.000361925
3.2107	0.000361925
3.31104	0.000361925
3.41137	0.000361925
3.51171	0
3.61204	0
3.71237	0.0014477
3.81271	0.000723851
3.91304	0.000723851
4.01338	0
4.11371	0
4.21405	0.000361925
4.31438	0.000361925
4.41472	0.000361925
4.51505	0.000361925
4.61538	0.000361925
4.71572	0
4.81605	0.000361925
4.91639	0
5.01672	0.000361925
5.11706	0
5.21739	0
5.31773	0.000361925
5.41806	0.000361925
5.51839	0.000723851
5.61873	0.000361925
5.71906	0.000361925
5.8194	0.00108578
5.91973	0.00108578
6.02007	0.000361925
6.1204	0.00217155
6.22074	0.00108578
6.32107	0.000723851
6.4214	0.000723851
6.52174	0.00325733
6.62207	0.0014477
6.72241	0.00108578
6.82274	0.000361925
6.92308	0.000723851
7.02341	0.00217155
7.12375	0.00108578
7.22408	0.000723851
7.32441	0.000723851
7.42475	0.0014477
7.52508	0.0014477
7.62542	0.00108578
7.72575	0.000723851
7.82609	0.000723851
7.92642	0.00180963
8.02676	0.00108578
8.12709	0.0028954
8.22742	0.000723851
8.32776	0.000723851
8.42809	0.00108578
8.52843	0.0014477
8.62876	0.00217155
8.7291	0.00253348
8.82943	0.0014477
8.92977	0.000723851
9.0301	0.000723851
9.13043	0.0014477
9.23077	0.0014477
9.3311	0.000723851
9.43144	0.000361925
9.53177	0.00180963
9.63211	0.00108578
9.73244	0.00217155
9.83278	0.00180963
9.93311	0.00253348
10.0334	0.00108578
10.1338	0.00180963
10.2341	0.00180963
10.3344	0.00217155
10.4348	0.00180963
10.5351	0.00180963
10.6355	0.0014477
10.7358	0.00180963
10.8361	0.00217155
10.9365	0.000723851
11.0368	0.00217155
11.1371	0.00253348
11.2375	0.00470503
11.3378	0.00108578
11.4381	0.0014477
11.5385	0.00108578
11.6388	0.00217155
11.7391	0.00217155
11.8395	0.00217155
11.9398	0.00325733
12.0401	0.0014477
12.1405	0.00434311
12.2408	0.00253348
12.3411	0.00398118
12.4415	0.0014477
12.5418	0.00253348
12.6421	0.0014477
12.7425	0.0014477
12.8428	0.00217155
12.9431	0.00325733
13.0435	0.00361925
13.1438	0.00361925
13.2441	0.00217155
13.3445	0.00253348
13.4448	0.00325733
13.5452	0.00361925
13.6455	0.00253348
13.7458	0.00217155
13.8462	0.00398118
13.9465	0.00325733
14.0468	0.00434311
14.1472	0.00217155
14.2475	0.0028954
14.3478	0.0028954
14.4482	0.00361925
14.5485	0.00361925
14.6488	0.00542888
14.7492	0.00180963
14.8495	0.00398118
14.9498	0.00434311
15.0502	0.00434311
15.1505	0.00325733
15.2508	0.00506696
15.3512	0.00434311
15.4515	0.00253348
15.5518	0.00253348
15.6522	0.00361925
15.7525	0.00615273
15.8528	0.00579081
15.9532	0.00361925
16.0535	0.00470503
16.1538	0.00361925
16.2542	0.00506696
16.3545	0.00615273
16.4548	0.00325733
16.5552	0.00506696
16.6555	0.00361925
16.7559	0.00651466
16.8562	0.0028954
16.9565	0.00325733
17.0569	0.00506696
17.1572	0.0028954
17.2575	0.00434311
17.3579	0.00542888
17.4582	0.00398118
17.5585	0.0028954
17.6589	0.00615273
17.7592	0.00361925
17.8595	0.00434311
17.9599	0.00506696
18.0602	0.00579081
18.1605	0.00434311
18.2609	0.00434311
18.3612	0.00470503
18.4615	0.00398118
18.5619	0.00325733
18.6622	0.00506696
18.7625	0.00470503
18.8629	0.00542888
18.9632	0.00506696
19.0635	0.00398118
19.1639	0.0028954
19.2642	0.00434311
19.3645	0.00506696
19.4649	0.00615273
19.5652	0.00434311
19.6656	0.00615273
19.7659	0.00723851
19.8662	0.00832429
19.9666	0.00615273
20.0669	0.00506696
20.1672	0.00542888
20.2676	0.00796236
20.3679	0.00506696
20.4682	0.00687658
20.5686	0.00506696
20.6689	0.00615273
20.7692	0.00470503
20.8696	0.00904814
20.9699	0.00579081
21.0702	0.00687658
21.1706	0.00796236
21.2709	0.00542888
21.3712	0.00723851
21.4716	0.00796236
21.5719	0.00434311
21.6722	0.00868621
21.7726	0.00941006
21.8729	0.00832429
21.9732	0.00506696
22.0736	0.0115816
22.1739	0.00434311
22.2742	0.00470503
22.3746	0.00542888
22.4749	0.00796236
22.5753	0.00615273
22.6756	0.00615273
22.7759	0.00687658
22.8763	0.00687658
22.9766	0.00796236
23.0769	0.00832429
23.1773	0.00760043
23.2776	0.00760043
23.3779	0.00579081
23.4783	0.00651466
23.5786	0.00760043
23.6789	0.00832429
23.7793	0.00832429
23.8796	0.00651466
23.9799	0.00434311
24.0803	0.00868621
24.1806	0.00687658
24.2809	0.00941006
24.3813	0.00723851
24.4816	0.00579081
24.5819	0.00760043
24.6823	0.00723851
24.7826	0.00542888
24.8829	0.00579081
24.9833	0.00434311
25.0836	0.00687658
25.1839	0.00760043
25.2843	0.00398118
25.3846	0.00687658
25.4849	0.00579081
25.5853	0.00506696
25.6856	0.00361925
25.786	0.00615273
25.8863	0.00579081
25.9866	0.00687658
26.087	0.00723851
26.1873	0.00796236
26.2876	0.00687658
26.388	0.00542888
26.4883	0.00506696
26.5886	0.00723851
26.689	0.00542888
26.7893	0.00579081
26.8896	0.00434311
26.99	0.00579081
27.0903	0.00470503
27.1906	0.00579081
27.291	0.00760043
27.3913	0.00434311
27.4916	0.00506696
27.592	0.00579081
27.6923	0.00579081
27.7926	0.00506696
27.893	0.00325733
27.9933	0.00506696
28.0936	0.000723851
28.194	0.00398118
28.2943	0.0028954
28.3946	0.0028954
28.495	0.00361925
28.5953	0.00361925
28.6957	0.00398118
28.796	0.00398118
28.8963	0.00361925
28.9967	0.0028954
29.097	0.00180963
29.1973	0.00253348
29.2977	0.00325733
29.398	0.0014477
29.4983	0.00434311
29.5987	0.00180963
29.699	0.00361925
29.7993	0.00434311
29.8997	0.00325733
30	0
