Surface Radius of BE
Radius (nm)	Hits (Normalized) / nm²
0	0
53.5762	2.36798e-006
107.152	3.21082e-007
160.729	2.08703e-007
214.305	2.12143e-007
267.881	1.47163e-007
321.457	1.0946e-007
375.033	1.11144e-007
428.609	9.90003e-008
482.186	9.44359e-008
535.762	6.33714e-008
589.338	8.21817e-008
642.914	8.37605e-008
696.49	5.61893e-008
750.066	5.20272e-008
803.643	6.22788e-008
857.219	6.9913e-008
910.795	6.93245e-008
964.371	6.995e-008
1017.95	6.183e-008
1071.52	5.6601e-008
1125.1	4.99243e-008
1178.68	6.53364e-008
1232.25	4.81623e-008
1285.83	5.37983e-008
1339.4	5.32406e-008
1392.98	3.22656e-008
1446.56	4.77079e-008
1500.13	4.0865e-008
1553.71	4.08394e-008
1607.29	2.99314e-008
1660.86	3.88193e-008
1714.44	3.88611e-008
1768.01	2.90209e-008
1821.59	2.51594e-008
1875.17	3.14102e-008
1928.74	2.31767e-008
1982.32	2.91393e-008
2035.89	2.30109e-008
2089.47	2.44981e-008
2143.05	2.4894e-008
2196.62	2.32884e-008
2250.2	2.36943e-008
2303.78	2.12481e-008
2357.35	1.79917e-008
2410.93	1.98421e-008
2464.5	1.98471e-008
2518.08	1.7694e-008
2571.66	1.22518e-008
2625.23	1.11717e-008
2678.81	1.5e-008
2732.38	1.39083e-008
2785.96	1.20795e-008
2839.54	8.40929e-009
2893.11	7.87701e-009
2946.69	9.94176e-009
3000.27	9.76263e-009
3053.84	9.58984e-009
3107.42	6.98004e-009
3160.99	7.88983e-009
3214.57	5.39634e-009
3268.15	5.63884e-009
3321.72	5.22085e-009
3375.3	3.85298e-009
3428.87	2.84423e-009
3482.45	4.35576e-009
3536.03	3.67651e-009
3589.6	4.8283e-009
3643.18	2.97298e-009
3696.76	1.75775e-009
3750.33	1.73246e-009
3803.91	1.13859e-009
3857.48	2.24533e-009
3911.06	1.38397e-009
3964.64	3.00332e-009
4018.21	1.61618e-009
4071.79	1.86057e-009
4125.36	1.31161e-009
4178.94	1.55362e-009
4232.52	1.53383e-009
4286.09	7.57269e-010
4339.67	4.98574e-010
4393.25	1.96983e-009
4446.82	0
4500.4	1.20165e-009
4553.97	4.74973e-010
4607.55	4.69418e-010
4661.13	2.31996e-010
4714.7	2.29344e-010
4768.28	0
4821.86	2.24219e-010
4875.43	2.21742e-010
4929.01	4.38637e-010
4982.58	4.33895e-010
5036.16	0
5089.74	0
5143.31	0
5196.89	0
5250.46	2.05822e-010
5304.04	0
5357.62	2.01685e-010
5411.19	0
5464.77	0
5518.35	0
5571.92	0
5625.5	0
5679.07	0
5732.65	0
5786.23	0
5839.8	0
5893.38	0
5946.95	0
6000.53	0
6054.11	0
6107.68	0
6161.26	0
6214.84	0
6268.41	0
6321.99	0
6375.56	0
6429.14	0
6482.72	0
6536.29	0
6589.87	0
6643.44	0
6697.02	0
6750.6	0
6804.17	0
6857.75	0
6911.33	0
6964.9	0
7018.48	0
7072.05	0
7125.63	0
7179.21	0
7232.78	0
7286.36	0
7339.94	0
7393.51	0
7447.09	0
7500.66	0
7554.24	0
7607.82	0
7661.39	0
7714.97	0
7768.54	0
7822.12	0
7875.7	0
7929.27	0
7982.85	0
8036.43	0
8090	0
8143.58	0
8197.15	0
8250.73	0
8304.31	0
8357.88	0
8411.46	0
8465.03	0
8518.61	0
8572.19	0
8625.76	0
8679.34	0
8732.92	0
8786.49	0
8840.07	0
8893.64	0
8947.22	0
9000.8	0
9054.37	0
9107.95	0
9161.52	0
9215.1	0
9268.68	0
9322.25	0
9375.83	0
9429.41	0
9482.98	0
9536.56	0
9590.13	0
9643.71	0
9697.29	0
9750.86	0
9804.44	0
9858.01	0
9911.59	0
9965.17	0
10018.7	0
10072.3	0
10125.9	0
10179.5	0
10233	0
10286.6	0
10340.2	0
10393.8	0
10447.4	0
10500.9	0
10554.5	0
10608.1	0
10661.7	0
10715.2	0
10768.8	0
10822.4	0
10876	0
10929.5	0
10983.1	0
11036.7	0
11090.3	0
11143.8	0
11197.4	0
11251	0
11304.6	0
11358.1	0
11411.7	0
11465.3	0
11518.9	0
11572.5	0
11626	0
11679.6	0
11733.2	0
11786.8	0
11840.3	0
11893.9	0
11947.5	0
12001.1	0
12054.6	0
12108.2	0
12161.8	0
12215.4	0
12268.9	0
12322.5	0
12376.1	0
12429.7	0
12483.2	0
12536.8	0
12590.4	0
12644	0
12697.6	0
12751.1	0
12804.7	0
12858.3	0
12911.9	0
12965.4	0
13019	0
13072.6	0
13126.2	0
13179.7	0
13233.3	0
13286.9	0
13340.5	0
13394	0
13447.6	0
13501.2	0
13554.8	0
13608.3	0
13661.9	0
13715.5	0
13769.1	0
13822.7	0
13876.2	0
13929.8	0
13983.4	0
14037	0
14090.5	0
14144.1	0
14197.7	0
14251.3	0
14304.8	0
14358.4	0
14412	0
14465.6	0
14519.1	0
14572.7	0
14626.3	0
14679.9	0
14733.4	0
14787	0
14840.6	0
14894.2	0
14947.8	0
15001.3	0
15054.9	0
15108.5	0
15162.1	0
15215.6	0
15269.2	0
15322.8	0
15376.4	0
15429.9	0
15483.5	0
15537.1	0
15590.7	0
15644.2	0
15697.8	0
15751.4	0
15805	0
15858.5	0
15912.1	0
15965.7	0
16019.3	0
