Backscattered Energy
Energy (KeV)	Hits (Normalized)
0	0
0.100334	0
0.200669	0
0.301003	0
0.401338	0
0.501672	0
0.602007	0
0.702341	0
0.802676	0
0.90301	0
1.00334	0
1.10368	0
1.20401	0
1.30435	0
1.40468	0
1.50502	0
1.60535	0
1.70569	0
1.80602	0
1.90635	0
2.00669	0
2.10702	0
2.20736	0
2.30769	0
2.40803	0
2.50836	0
2.6087	0
2.70903	0
2.80936	0
2.9097	0
3.01003	0
3.11037	0
3.2107	0
3.31104	0
3.41137	0
3.51171	0
3.61204	0.0035461
3.71237	0
3.81271	0
3.91304	0
4.01338	0
4.11371	0
4.21405	0
4.31438	0
4.41472	0
4.51505	0
4.61538	0
4.71572	0
4.81605	0
4.91639	0
5.01672	0
5.11706	0
5.21739	0
5.31773	0.0035461
5.41806	0
5.51839	0
5.61873	0
5.71906	0
5.8194	0
5.91973	0
6.02007	0
6.1204	0
6.22074	0.0035461
6.32107	0
6.4214	0
6.52174	0
6.62207	0
6.72241	0
6.82274	0
6.92308	0
7.02341	0
7.12375	0
7.22408	0
7.32441	0.0035461
7.42475	0
7.52508	0
7.62542	0
7.72575	0
7.82609	0
7.92642	0
8.02676	0
8.12709	0
8.22742	0.0035461
8.32776	0
8.42809	0
8.52843	0.0035461
8.62876	0
8.7291	0
8.82943	0
8.92977	0.0035461
9.0301	0.0035461
9.13043	0
9.23077	0.0070922
9.3311	0.0035461
9.43144	0.0035461
9.53177	0.0070922
9.63211	0
9.73244	0
9.83278	0.0035461
9.93311	0.0035461
10.0334	0
10.1338	0.0141844
10.2341	0
10.3344	0
10.4348	0
10.5351	0
10.6355	0.0035461
10.7358	0
10.8361	0.0070922
10.9365	0.0035461
11.0368	0
11.1371	0
11.2375	0.0035461
11.3378	0
11.4381	0.0035461
11.5385	0
11.6388	0.0035461
11.7391	0.0035461
11.8395	0
11.9398	0
12.0401	0.0035461
12.1405	0.0035461
12.2408	0.0035461
12.3411	0
12.4415	0
12.5418	0
12.6421	0.0035461
12.7425	0.0035461
12.8428	0.0035461
12.9431	0.0106383
13.0435	0
13.1438	0
13.2441	0.0035461
13.3445	0
13.4448	0.0035461
13.5452	0
13.6455	0.0035461
13.7458	0.0070922
13.8462	0.0035461
13.9465	0
14.0468	0.0035461
14.1472	0.0035461
14.2475	0
14.3478	0.0070922
14.4482	0
14.5485	0
14.6488	0.0070922
14.7492	0.0035461
14.8495	0.0070922
14.9498	0
15.0502	0.0035461
15.1505	0.0035461
15.2508	0.0035461
15.3512	0
15.4515	0
15.5518	0
15.6522	0.0035461
15.7525	0
15.8528	0.0070922
15.9532	0.0177305
16.0535	0.0070922
16.1538	0.0070922
16.2542	0.0070922
16.3545	0.0035461
16.4548	0.0035461
16.5552	0
16.6555	0.0070922
16.7559	0.0035461
16.8562	0.0141844
16.9565	0
17.0569	0
17.1572	0.0070922
17.2575	0.0035461
17.3579	0.0035461
17.4582	0.0035461
17.5585	0
17.6589	0.0070922
17.7592	0
17.8595	0.0070922
17.9599	0.0035461
18.0602	0.0106383
18.1605	0.0070922
18.2609	0.0070922
18.3612	0
18.4615	0.0070922
18.5619	0
18.6622	0.0106383
18.7625	0
18.8629	0
18.9632	0.0035461
19.0635	0
19.1639	0.0070922
19.2642	0
19.3645	0.0035461
19.4649	0.0070922
19.5652	0.0070922
19.6656	0.0106383
19.7659	0.0070922
19.8662	0.0035461
19.9666	0
20.0669	0.0035461
20.1672	0.0070922
20.2676	0.0035461
20.3679	0.0070922
20.4682	0.0070922
20.5686	0.0106383
20.6689	0.0035461
20.7692	0.0035461
20.8696	0
20.9699	0.0106383
21.0702	0.0070922
21.1706	0.0035461
21.2709	0.0035461
21.3712	0.0070922
21.4716	0
21.5719	0.0106383
21.6722	0.0070922
21.7726	0.0035461
21.8729	0.0070922
21.9732	0.0070922
22.0736	0.0141844
22.1739	0.0106383
22.2742	0.0035461
22.3746	0.0070922
22.4749	0.0141844
22.5753	0.0070922
22.6756	0.0106383
22.7759	0.0035461
22.8763	0.0035461
22.9766	0.0070922
23.0769	0
23.1773	0.0035461
23.2776	0.0070922
23.3779	0.0070922
23.4783	0.0070922
23.5786	0.0035461
23.6789	0.0070922
23.7793	0.0035461
23.8796	0.0070922
23.9799	0.0070922
24.0803	0.0070922
24.1806	0.0070922
24.2809	0
24.3813	0.0106383
24.4816	0.0141844
24.5819	0.0177305
24.6823	0.0141844
24.7826	0.0106383
24.8829	0.0035461
24.9833	0.0070922
25.0836	0.0035461
25.1839	0.0141844
25.2843	0
25.3846	0.0106383
25.4849	0.0283688
25.5853	0.0035461
25.6856	0.0035461
25.786	0.0070922
25.8863	0.0070922
25.9866	0.0177305
26.087	0.0070922
26.1873	0
26.2876	0.0212766
26.388	0.0035461
26.4883	0.0106383
26.5886	0.0106383
26.689	0.0106383
26.7893	0
26.8896	0.0035461
26.99	0.0035461
27.0903	0.0106383
27.1906	0.0035461
27.291	0.0070922
27.3913	0.0106383
27.4916	0
27.592	0
27.6923	0
27.7926	0.0035461
27.893	0
27.9933	0.0070922
28.0936	0
28.194	0
28.2943	0.0035461
28.3946	0
28.495	0.0035461
28.5953	0
28.6957	0.0035461
28.796	0
28.8963	0
28.9967	0.0035461
29.097	0.0035461
29.1973	0
29.2977	0
29.398	0.0035461
29.4983	0.0035461
29.5987	0.0070922
29.699	0.0070922
29.7993	0
29.8997	0.0070922
30	0
