Backscattered Energy
Energy (KeV)	Hits (Normalized)
0	0
0.100334	0
0.200669	3.6207e-005
0.301003	3.6207e-005
0.401338	0
0.501672	7.24139e-005
0.602007	3.6207e-005
0.702341	3.6207e-005
0.802676	0
0.90301	7.24139e-005
1.00334	0
1.10368	0
1.20401	7.24139e-005
1.30435	3.6207e-005
1.40468	0.000108621
1.50502	3.6207e-005
1.60535	0.000144828
1.70569	0.000144828
1.80602	7.24139e-005
1.90635	0.000253449
2.00669	0.000144828
2.10702	0.000253449
2.20736	0.000325863
2.30769	0.000289656
2.40803	0.000325863
2.50836	0.000289656
2.6087	0.000289656
2.70903	0.000289656
2.80936	0.000181035
2.9097	0.000108621
3.01003	0.000543104
3.11037	0.000434484
3.2107	0.000217242
3.31104	0.000289656
3.41137	0.000325863
3.51171	0.000217242
3.61204	0.000543104
3.71237	0.000506897
3.81271	0.000217242
3.91304	0.000289656
4.01338	0.000579311
4.11371	0.00047069
4.21405	0.000398277
4.31438	0.000579311
4.41472	0.000543104
4.51505	0.000506897
4.61538	0.000687932
4.71572	0.000579311
4.81605	0.000253449
4.91639	0.000615518
5.01672	0.000181035
5.11706	0.00047069
5.21739	0.000651725
5.31773	0.000941381
5.41806	0.000615518
5.51839	0.000868967
5.61873	0.000543104
5.71906	0.000506897
5.8194	0.000796553
5.91973	0.000651725
6.02007	0.000905174
6.1204	0.000868967
6.22074	0.000796553
6.32107	0.00083276
6.4214	0.000543104
6.52174	0.000760346
6.62207	0.00115862
6.72241	0.000760346
6.82274	0.00101379
6.92308	0.000905174
7.02341	0.000724139
7.12375	0.000796553
7.22408	0.00119483
7.32441	0.00115862
7.42475	0.00119483
7.52508	0.00144828
7.62542	0.00133966
7.72575	0.000724139
7.82609	0.00101379
7.92642	0.00083276
8.02676	0.00105
8.12709	0.000724139
8.22742	0.00152069
8.32776	0.00130345
8.42809	0.00166552
8.52843	0.00126724
8.62876	0.00184655
8.7291	0.00119483
8.82943	0.00126724
8.92977	0.00126724
9.0301	0.00133966
9.13043	0.00119483
9.23077	0.0015569
9.3311	0.00159311
9.43144	0.00166552
9.53177	0.00166552
9.63211	0.00162931
9.73244	0.00119483
9.83278	0.00137586
9.93311	0.00177414
10.0334	0.00191897
10.1338	0.00213621
10.2341	0.00199138
10.3344	0.00166552
10.4348	0.00177414
10.5351	0.00119483
10.6355	0.0021
10.7358	0.00191897
10.8361	0.00191897
10.9365	0.00199138
11.0368	0.0021
11.1371	0.00170173
11.2375	0.00195518
11.3378	0.00191897
11.4381	0.00249828
11.5385	0.00220862
11.6388	0.00282414
11.7391	0.0026069
11.8395	0.00202759
11.9398	0.00271552
12.0401	0.00224483
12.1405	0.00282414
12.2408	0.00264311
12.3411	0.00264311
12.4415	0.00257069
12.5418	0.00289656
12.6421	0.0026069
12.7425	0.00224483
12.8428	0.00253449
12.9431	0.00304138
13.0435	0.0031138
13.1438	0.00300518
13.2441	0.00286035
13.3445	0.00267931
13.4448	0.00296897
13.5452	0.00267931
13.6455	0.00282414
13.7458	0.00289656
13.8462	0.00304138
13.9465	0.00333104
14.0468	0.00318621
14.1472	0.0031138
14.2475	0.00304138
14.3478	0.00278794
14.4482	0.00300518
14.5485	0.0031138
14.6488	0.0036207
14.7492	0.00351208
14.8495	0.00315001
14.9498	0.00347587
15.0502	0.00318621
15.1505	0.00318621
15.2508	0.00372932
15.3512	0.00369311
15.4515	0.00441725
15.5518	0.00340345
15.6522	0.00391035
15.7525	0.00380173
15.8528	0.00463449
15.9532	0.00358449
16.0535	0.00343966
16.1538	0.00380173
16.2542	0.00474311
16.3545	0.00427242
16.4548	0.0041638
16.5552	0.00423621
16.6555	0.00477932
16.7559	0.00398277
16.8562	0.00445346
16.9565	0.00514139
17.0569	0.00430863
17.1572	0.00499656
17.2575	0.00420001
17.3579	0.00474311
17.4582	0.00514139
17.5585	0.00485173
17.6589	0.00452587
17.7592	0.00477932
17.8595	0.00496035
17.9599	0.00575691
18.0602	0.00553966
18.1605	0.00514139
18.2609	0.00539484
18.3612	0.00463449
18.4615	0.00579311
18.5619	0.0046707
18.6622	0.00535863
18.7625	0.0051776
18.8629	0.00568449
18.9632	0.00499656
19.0635	0.00553966
19.1639	0.00579311
19.2642	0.00553966
19.3645	0.00485173
19.4649	0.00590173
19.5652	0.0051776
19.6656	0.00666208
19.7659	0.00568449
19.8662	0.00604656
19.9666	0.00597415
20.0669	0.00702415
20.1672	0.00630001
20.2676	0.00575691
20.3679	0.00586553
20.4682	0.00561208
20.5686	0.00604656
20.6689	0.00615518
20.7692	0.00691553
20.8696	0.00640863
20.9699	0.00611898
21.0702	0.00615518
21.1706	0.00593794
21.2709	0.00698794
21.3712	0.00724139
21.4716	0.00604656
21.5719	0.0062638
21.6722	0.00604656
21.7726	0.00716898
21.8729	0.00760346
21.9732	0.00673449
22.0736	0.00680691
22.1739	0.00633622
22.2742	0.00695174
22.3746	0.00713277
22.4749	0.00666208
22.5753	0.00716898
22.6756	0.00709656
22.7759	0.00735001
22.8763	0.00706036
22.9766	0.0062276
23.0769	0.00630001
23.1773	0.00680691
23.2776	0.00669829
23.3779	0.00669829
23.4783	0.00673449
23.5786	0.00763967
23.6789	0.00709656
23.7793	0.00771208
23.8796	0.00684312
23.9799	0.00756725
24.0803	0.0067707
24.1806	0.00655346
24.2809	0.00630001
24.3813	0.00716898
24.4816	0.0062638
24.5819	0.00608277
24.6823	0.00611898
24.7826	0.00648105
24.8829	0.00640863
24.9833	0.00691553
25.0836	0.00680691
25.1839	0.00680691
25.2843	0.00615518
25.3846	0.00604656
25.4849	0.00673449
25.5853	0.00666208
25.6856	0.00738622
25.786	0.00619139
25.8863	0.00597415
25.9866	0.00687932
26.087	0.00568449
26.1873	0.00611898
26.2876	0.00619139
26.388	0.00543104
26.4883	0.00604656
26.5886	0.00553966
26.689	0.00564829
26.7893	0.00546725
26.8896	0.00550346
26.99	0.00499656
27.0903	0.00561208
27.1906	0.00543104
27.291	0.00503277
27.3913	0.00488794
27.4916	0.00528622
27.592	0.0051776
27.6923	0.00394656
27.7926	0.00423621
27.893	0.00474311
27.9933	0.00448966
28.0936	0.00438104
28.194	0.00430863
28.2943	0.00434484
28.3946	0.00463449
28.495	0.0036207
28.5953	0.00329483
28.6957	0.00387414
28.796	0.00347587
28.8963	0.00380173
28.9967	0.00358449
29.097	0.00354828
29.1973	0.00264311
29.2977	0.00286035
29.398	0.00257069
29.4983	0.00275173
29.5987	0.00235345
29.699	0.00267931
29.7993	0.00246207
29.8997	0.00238966
30	0
