Energy of Surface Radius of BE
Radius (nm)	KeV / nm²
0	0
53.5762	5.5757e-005
107.152	9.54533e-006
160.729	6.2854e-006
214.305	4.1558e-006
267.881	3.96004e-006
321.457	3.20488e-006
375.033	2.81389e-006
428.609	2.52342e-006
482.186	2.34755e-006
535.762	2.04886e-006
589.338	2.11772e-006
642.914	1.94162e-006
696.49	1.81685e-006
750.066	1.7553e-006
803.643	1.57207e-006
857.219	1.55568e-006
910.795	1.37678e-006
964.371	1.38327e-006
1017.95	1.27934e-006
1071.52	1.27963e-006
1125.1	1.15911e-006
1178.68	1.25474e-006
1232.25	1.00456e-006
1285.83	1.04405e-006
1339.4	9.99626e-007
1392.98	9.18636e-007
1446.56	8.813e-007
1500.13	8.75548e-007
1553.71	8.93511e-007
1607.29	8.44327e-007
1660.86	7.73635e-007
1714.44	6.93294e-007
1768.01	6.46376e-007
1821.59	6.49977e-007
1875.17	5.93454e-007
1928.74	5.87843e-007
1982.32	4.91878e-007
2035.89	4.93733e-007
2089.47	4.46347e-007
2143.05	4.11087e-007
2196.62	4.14e-007
2250.2	3.80868e-007
2303.78	3.57166e-007
2357.35	3.26298e-007
2410.93	3.27408e-007
2464.5	2.9225e-007
2518.08	2.49435e-007
2571.66	2.53043e-007
2625.23	2.45318e-007
2678.81	2.11944e-007
2732.38	2.03537e-007
2785.96	1.79273e-007
2839.54	1.7142e-007
2893.11	1.58125e-007
2946.69	1.40966e-007
3000.27	1.19131e-007
3053.84	1.17682e-007
3107.42	1.0079e-007
3160.99	9.49878e-008
3214.57	8.81962e-008
3268.15	8.69944e-008
3321.72	7.85588e-008
3375.3	7.75453e-008
3428.87	6.71505e-008
3482.45	5.5576e-008
3536.03	4.81197e-008
3589.6	4.393e-008
3643.18	4.09243e-008
3696.76	3.83133e-008
3750.33	3.63903e-008
3803.91	2.82717e-008
3857.48	2.29934e-008
3911.06	2.11661e-008
3964.64	1.36684e-008
4018.21	1.60042e-008
4071.79	1.47953e-008
4125.36	1.30435e-008
4178.94	1.44905e-008
4232.52	1.26276e-008
4286.09	5.89162e-009
4339.67	1.14999e-008
4393.25	7.37564e-009
4446.82	3.96431e-009
4500.4	7.00703e-009
4553.97	3.69763e-009
4607.55	3.34694e-009
4661.13	2.07753e-009
4714.7	2.22e-009
4768.28	2.67402e-009
4821.86	1.98109e-009
4875.43	7.83833e-010
4929.01	1.09151e-009
4982.58	6.15028e-010
5036.16	1.15317e-009
5089.74	4.28417e-010
5143.31	4.28941e-010
5196.89	5.09524e-010
5250.46	8.60662e-011
5304.04	4.04927e-010
5357.62	0
5411.19	0
5464.77	3.70816e-010
5518.35	2.71502e-010
5571.92	0
5625.5	0
5679.07	3.66003e-010
5732.65	0
5786.23	3.65709e-011
5839.8	0
5893.38	0
5946.95	0
6000.53	0
6054.11	0
6107.68	0
6161.26	0
6214.84	0
6268.41	0
6321.99	0
6375.56	0
6429.14	0
6482.72	0
6536.29	0
6589.87	0
6643.44	0
6697.02	0
6750.6	0
6804.17	0
6857.75	0
6911.33	0
6964.9	0
7018.48	0
7072.05	0
7125.63	0
7179.21	0
7232.78	0
7286.36	0
7339.94	0
7393.51	0
7447.09	0
7500.66	0
7554.24	0
7607.82	0
7661.39	0
7714.97	0
7768.54	0
7822.12	0
7875.7	0
7929.27	0
7982.85	0
8036.43	0
8090	0
8143.58	0
8197.15	0
8250.73	0
8304.31	0
8357.88	0
8411.46	0
8465.03	0
8518.61	0
8572.19	0
8625.76	0
8679.34	0
8732.92	0
8786.49	0
8840.07	0
8893.64	0
8947.22	0
9000.8	0
9054.37	0
9107.95	0
9161.52	0
9215.1	0
9268.68	0
9322.25	0
9375.83	0
9429.41	0
9482.98	0
9536.56	0
9590.13	0
9643.71	0
9697.29	0
9750.86	0
9804.44	0
9858.01	0
9911.59	0
9965.17	0
10018.7	0
10072.3	0
10125.9	0
10179.5	0
10233	0
10286.6	0
10340.2	0
10393.8	0
10447.4	0
10500.9	0
10554.5	0
10608.1	0
10661.7	0
10715.2	0
10768.8	0
10822.4	0
10876	0
10929.5	0
10983.1	0
11036.7	0
11090.3	0
11143.8	0
11197.4	0
11251	0
11304.6	0
11358.1	0
11411.7	0
11465.3	0
11518.9	0
11572.5	0
11626	0
11679.6	0
11733.2	0
11786.8	0
11840.3	0
11893.9	0
11947.5	0
12001.1	0
12054.6	0
12108.2	0
12161.8	0
12215.4	0
12268.9	0
12322.5	0
12376.1	0
12429.7	0
12483.2	0
12536.8	0
12590.4	0
12644	0
12697.6	0
12751.1	0
12804.7	0
12858.3	0
12911.9	0
12965.4	0
13019	0
13072.6	0
13126.2	0
13179.7	0
13233.3	0
13286.9	0
13340.5	0
13394	0
13447.6	0
13501.2	0
13554.8	0
13608.3	0
13661.9	0
13715.5	0
13769.1	0
13822.7	0
13876.2	0
13929.8	0
13983.4	0
14037	0
14090.5	0
14144.1	0
14197.7	0
14251.3	0
14304.8	0
14358.4	0
14412	0
14465.6	0
14519.1	0
14572.7	0
14626.3	0
14679.9	0
14733.4	0
14787	0
14840.6	0
14894.2	0
14947.8	0
15001.3	0
15054.9	0
15108.5	0
15162.1	0
15215.6	0
15269.2	0
15322.8	0
15376.4	0
15429.9	0
15483.5	0
15537.1	0
15590.7	0
15644.2	0
15697.8	0
15751.4	0
15805	0
15858.5	0
15912.1	0
15965.7	0
16019.3	0
