Surface Radius of BE
Radius (nm)	Hits (Normalized) / nm²
0	0
53.5762	1.94332e-006
107.152	3.47977e-007
160.729	2.31271e-007
214.305	1.60605e-007
267.881	1.52575e-007
321.457	1.26294e-007
375.033	1.12115e-007
428.609	9.90397e-008
482.186	9.37649e-008
535.762	8.38949e-008
589.338	8.69943e-008
642.914	8.11753e-008
696.49	7.59661e-008
750.066	7.33132e-008
803.643	6.78417e-008
857.219	6.76095e-008
910.795	5.96185e-008
964.371	6.02268e-008
1017.95	5.66458e-008
1071.52	5.62117e-008
1125.1	5.298e-008
1178.68	5.71455e-008
1232.25	4.66647e-008
1285.83	4.78398e-008
1339.4	4.69524e-008
1392.98	4.35365e-008
1446.56	4.12876e-008
1500.13	4.16113e-008
1553.71	4.35324e-008
1607.29	4.1172e-008
1660.86	3.78475e-008
1714.44	3.4734e-008
1768.01	3.19974e-008
1821.59	3.31397e-008
1875.17	3.09572e-008
1928.74	3.03114e-008
1982.32	2.55758e-008
2035.89	2.61251e-008
2089.47	2.37779e-008
2143.05	2.20069e-008
2196.62	2.22567e-008
2250.2	2.08012e-008
2303.78	1.95088e-008
2357.35	1.89218e-008
2410.93	1.8632e-008
2464.5	1.71194e-008
2518.08	1.45494e-008
2571.66	1.50461e-008
2625.23	1.47359e-008
2678.81	1.26132e-008
2732.38	1.22839e-008
2785.96	1.08759e-008
2839.54	1.06688e-008
2893.11	9.98152e-009
2946.69	9.02482e-009
3000.27	7.77704e-009
3053.84	7.71046e-009
3107.42	6.84317e-009
3160.99	6.58892e-009
3214.57	6.10704e-009
3268.15	6.13882e-009
3321.72	5.45143e-009
3375.3	5.71754e-009
3428.87	4.77389e-009
3482.45	3.984e-009
3536.03	3.31018e-009
3589.6	3.35097e-009
3643.18	3.06339e-009
3696.76	2.87213e-009
3750.33	2.80192e-009
3803.91	2.33504e-009
3857.48	1.88121e-009
3911.06	1.71681e-009
3964.64	1.25643e-009
4018.21	1.34736e-009
4071.79	1.40928e-009
4125.36	1.10219e-009
4178.94	1.2693e-009
4232.52	1.15083e-009
4286.09	6.31309e-010
4339.67	1.02248e-009
4393.25	6.40449e-010
4446.82	3.89345e-010
4500.4	6.25109e-010
4553.97	3.8013e-010
4607.55	3.28724e-010
4661.13	2.78506e-010
4714.7	2.06492e-010
4768.28	2.94896e-010
4821.86	2.01878e-010
4875.43	8.8732e-011
4929.01	1.09703e-010
4982.58	8.68135e-011
5036.16	1.28827e-010
5089.74	4.24881e-011
5143.31	6.30648e-011
5196.89	8.3215e-011
5250.46	2.05904e-011
5304.04	6.1144e-011
5357.62	0
5411.19	0
5464.77	3.95579e-011
5518.35	3.91719e-011
5571.92	0
5625.5	0
5679.07	3.8058e-011
5732.65	0
5786.23	1.8675e-011
5839.8	0
5893.38	0
5946.95	0
6000.53	0
6054.11	0
6107.68	0
6161.26	0
6214.84	0
6268.41	0
6321.99	0
6375.56	0
6429.14	0
6482.72	0
6536.29	0
6589.87	0
6643.44	0
6697.02	0
6750.6	0
6804.17	0
6857.75	0
6911.33	0
6964.9	0
7018.48	0
7072.05	0
7125.63	0
7179.21	0
7232.78	0
7286.36	0
7339.94	0
7393.51	0
7447.09	0
7500.66	0
7554.24	0
7607.82	0
7661.39	0
7714.97	0
7768.54	0
7822.12	0
7875.7	0
7929.27	0
7982.85	0
8036.43	0
8090	0
8143.58	0
8197.15	0
8250.73	0
8304.31	0
8357.88	0
8411.46	0
8465.03	0
8518.61	0
8572.19	0
8625.76	0
8679.34	0
8732.92	0
8786.49	0
8840.07	0
8893.64	0
8947.22	0
9000.8	0
9054.37	0
9107.95	0
9161.52	0
9215.1	0
9268.68	0
9322.25	0
9375.83	0
9429.41	0
9482.98	0
9536.56	0
9590.13	0
9643.71	0
9697.29	0
9750.86	0
9804.44	0
9858.01	0
9911.59	0
9965.17	0
10018.7	0
10072.3	0
10125.9	0
10179.5	0
10233	0
10286.6	0
10340.2	0
10393.8	0
10447.4	0
10500.9	0
10554.5	0
10608.1	0
10661.7	0
10715.2	0
10768.8	0
10822.4	0
10876	0
10929.5	0
10983.1	0
11036.7	0
11090.3	0
11143.8	0
11197.4	0
11251	0
11304.6	0
11358.1	0
11411.7	0
11465.3	0
11518.9	0
11572.5	0
11626	0
11679.6	0
11733.2	0
11786.8	0
11840.3	0
11893.9	0
11947.5	0
12001.1	0
12054.6	0
12108.2	0
12161.8	0
12215.4	0
12268.9	0
12322.5	0
12376.1	0
12429.7	0
12483.2	0
12536.8	0
12590.4	0
12644	0
12697.6	0
12751.1	0
12804.7	0
12858.3	0
12911.9	0
12965.4	0
13019	0
13072.6	0
13126.2	0
13179.7	0
13233.3	0
13286.9	0
13340.5	0
13394	0
13447.6	0
13501.2	0
13554.8	0
13608.3	0
13661.9	0
13715.5	0
13769.1	0
13822.7	0
13876.2	0
13929.8	0
13983.4	0
14037	0
14090.5	0
14144.1	0
14197.7	0
14251.3	0
14304.8	0
14358.4	0
14412	0
14465.6	0
14519.1	0
14572.7	0
14626.3	0
14679.9	0
14733.4	0
14787	0
14840.6	0
14894.2	0
14947.8	0
15001.3	0
15054.9	0
15108.5	0
15162.1	0
15215.6	0
15269.2	0
15322.8	0
15376.4	0
15429.9	0
15483.5	0
15537.1	0
15590.7	0
15644.2	0
15697.8	0
15751.4	0
15805	0
15858.5	0
15912.1	0
15965.7	0
16019.3	0
