Backscattered Energy
Energy (KeV)	Hits (Normalized)
0	7.38907e-005
0.167224	0
0.334448	0
0.501672	3.69454e-005
0.668896	7.38907e-005
0.83612	0
1.00334	7.38907e-005
1.17057	3.69454e-005
1.33779	3.69454e-005
1.50502	3.69454e-005
1.67224	3.69454e-005
1.83946	0.000110836
2.00669	7.38907e-005
2.17391	7.38907e-005
2.34114	7.38907e-005
2.50836	7.38907e-005
2.67559	7.38907e-005
2.84281	0.000184727
3.01003	0.000258618
3.17726	0.000295563
3.34448	0.000221672
3.51171	3.69454e-005
3.67893	0.000184727
3.84615	0.00048029
4.01338	0.000147781
4.1806	0.000295563
4.34783	0.000258618
4.51505	0.000221672
4.68227	0.000369454
4.8495	0.000369454
5.01672	0.000184727
5.18395	0.000332508
5.35117	0.000517235
5.51839	0.000443344
5.68562	0.00048029
5.85284	0.000591126
6.02007	0.000406399
6.18729	0.000258618
6.35452	0.000332508
6.52174	0.000738907
6.68896	0.000628071
6.85619	0.000775853
7.02341	0.000812798
7.19064	0.000406399
7.35786	0.000443344
7.52508	0.000665016
7.69231	0.00055418
7.85953	0.000738907
8.02676	0.000738907
8.19398	0.000701962
8.3612	0.000591126
8.52843	0.000369454
8.69565	0.00110836
8.86288	0.000960579
9.0301	0.000923634
9.19732	0.000775853
9.36455	0.000923634
9.53177	0.000923634
9.699	0.000923634
9.86622	0.000960579
10.0334	0.000849743
10.2007	0.0012192
10.3679	0.000738907
10.5351	0.000923634
10.7023	0.00114531
10.8696	0.0012192
11.0368	0.00125614
11.204	0.00103447
11.3712	0.000997525
11.5385	0.000960579
11.7057	0.00129309
11.8729	0.00103447
12.0401	0.00118225
12.2074	0.00125614
12.3746	0.00151476
12.5418	0.00103447
12.709	0.00129309
12.8763	0.00147781
13.0435	0.00144087
13.2107	0.00151476
13.3779	0.00147781
13.5452	0.00206894
13.7124	0.00192116
13.8796	0.00140392
14.0468	0.00136698
14.214	0.00129309
14.3813	0.00214283
14.5485	0.00192116
14.7157	0.00173643
14.8829	0.0016256
15.0502	0.00206894
15.2174	0.00221672
15.3846	0.00181032
15.5518	0.00192116
15.7191	0.00232756
15.8863	0.00173643
16.0535	0.00269701
16.2207	0.0027709
16.388	0.00158865
16.5552	0.00206894
16.7224	0.00243839
16.8896	0.00232756
17.0569	0.00225367
17.2241	0.00199505
17.3913	0.0023645
17.5585	0.0023645
17.7258	0.00240145
17.893	0.00210589
18.0602	0.00247534
18.2274	0.00221672
18.3946	0.00291868
18.5619	0.00302952
18.7291	0.00306646
18.8963	0.00225367
19.0635	0.00350981
19.2308	0.00291868
19.398	0.00240145
19.5652	0.00269701
19.7324	0.00262312
19.8997	0.0035837
20.0669	0.00362065
20.2341	0.00247534
20.4013	0.0031773
20.5686	0.00258618
20.7358	0.0035837
20.903	0.00306646
21.0702	0.00269701
21.2375	0.00247534
21.4047	0.00306646
21.5719	0.00354675
21.7391	0.00347286
21.9064	0.00343592
22.0736	0.0031773
22.2408	0.00273396
22.408	0.00321425
22.5753	0.00387926
22.7425	0.00413788
22.9097	0.00325119
23.0769	0.00380537
23.2441	0.00336203
23.4114	0.00362065
23.5786	0.00432261
23.7458	0.00424872
23.913	0.00395315
24.0803	0.00454428
24.2475	0.00417483
24.4147	0.00428566
24.5819	0.00347286
24.7492	0.00384232
24.9164	0.0039901
25.0836	0.00376843
25.2508	0.00450733
25.4181	0.00402704
25.5853	0.00428566
25.7525	0.00443344
25.9197	0.00443344
26.087	0.00443344
26.2542	0.00476595
26.4214	0.00498762
26.5886	0.00469206
26.7559	0.00417483
26.9231	0.00432261
27.0903	0.0039901
27.2575	0.00447039
27.4247	0.00465512
27.592	0.00424872
27.7592	0.00532013
27.9264	0.00469206
28.0936	0.00495068
28.2609	0.00580042
28.4281	0.00532013
28.5953	0.00561569
28.7625	0.00517235
28.9298	0.00532013
29.097	0.00502457
29.2642	0.00572653
29.4314	0.00495068
29.5987	0.00613293
29.7659	0.00572653
29.9331	0.00502457
30.1003	0.00443344
30.2676	0.00498762
30.4348	0.00576348
30.602	0.00476595
30.7692	0.00465512
30.9365	0.00483984
31.1037	0.00532013
31.2709	0.00580042
31.4381	0.0048029
31.6054	0.00498762
31.7726	0.00517235
31.9398	0.0051354
32.107	0.00580042
32.2742	0.00517235
32.4415	0.0051354
32.6087	0.00509846
32.7759	0.00568959
32.9431	0.00591126
33.1104	0.0055418
33.2776	0.0055418
33.4448	0.00495068
33.612	0.0059482
33.7793	0.0063546
33.9465	0.00532013
34.1137	0.00583737
34.2809	0.00598515
34.4482	0.00568959
34.6154	0.00628071
34.7826	0.00631766
34.9498	0.00557875
35.1171	0.00683489
35.2843	0.00605904
35.4515	0.00653933
35.6187	0.00668711
35.786	0.0071674
35.9532	0.00624377
36.1204	0.00568959
36.2876	0.00768463
36.4548	0.00539402
36.6221	0.00631766
36.7893	0.0071674
36.9565	0.00665016
37.1237	0.00605904
37.291	0.00639155
37.4582	0.00661322
37.6254	0.00665016
37.7926	0.00642849
37.9599	0.00653933
38.1271	0.00631766
38.2943	0.00642849
38.4615	0.0059482
38.6288	0.00727824
38.796	0.00653933
38.9632	0.00650238
39.1304	0.0059482
39.2977	0.00605904
39.4649	0.00705656
39.6321	0.00657627
39.7993	0.00690878
39.9666	0.00690878
40.1338	0.00580042
40.301	0.00602209
40.4682	0.00609598
40.6355	0.00713045
40.8027	0.00572653
40.9699	0.0055418
41.1371	0.00532013
41.3043	0.00620682
41.4716	0.00543097
41.6388	0.00613293
41.806	0.00665016
41.9732	0.00605904
42.1405	0.00701962
42.3077	0.00517235
42.4749	0.0055418
42.6421	0.00602209
42.8094	0.00598515
42.9766	0.0051354
43.1438	0.00524624
43.311	0.00476595
43.4783	0.0048029
43.6455	0.00565264
43.8127	0.00428566
43.9799	0.00483984
44.1472	0.00602209
44.3144	0.00421177
44.4816	0.0048029
44.6488	0.00483984
44.8161	0.00476595
44.9833	0.00365759
45.1505	0.0043965
45.3177	0.00454428
45.4849	0.00406399
45.6522	0.00417483
45.8194	0.00458122
45.9866	0.00376843
46.1538	0.00391621
46.3211	0.00406399
46.4883	0.00328814
46.6555	0.00332508
46.8227	0.00339897
46.99	0.0031773
47.1572	0.00273396
47.3244	0.00254923
47.4916	0.00310341
47.6589	0.00339897
47.8261	0.00258618
47.9933	0.00291868
48.1605	0.00280785
48.3278	0.00232756
48.495	0.00273396
48.6622	0.00184727
48.8294	0.00280785
48.9967	0.00203199
49.1639	0.00251228
49.3311	0.00151476
49.4983	0.00284479
49.6656	0.00177338
49.8328	0.00240145
50	0
