Energy of Surface Radius of BE
Radius (nm)	KeV / nm²
0	0
125.736	1.56782e-005
251.472	2.63481e-006
377.207	1.47393e-006
502.943	1.23482e-006
628.679	9.91426e-007
754.415	9.35608e-007
880.151	7.8167e-007
1005.89	6.39976e-007
1131.62	6.98099e-007
1257.36	6.15813e-007
1383.09	5.54745e-007
1508.83	5.54408e-007
1634.57	5.06082e-007
1760.3	4.3897e-007
1886.04	4.46751e-007
2011.77	4.50651e-007
2137.51	4.42418e-007
2263.24	4.02917e-007
2388.98	3.69111e-007
2514.72	3.99948e-007
2640.45	3.59543e-007
2766.19	3.37029e-007
2891.92	3.22641e-007
3017.66	2.88229e-007
3143.4	2.97858e-007
3269.13	2.81644e-007
3394.87	2.98993e-007
3520.6	2.79518e-007
3646.34	2.35203e-007
3772.07	2.47481e-007
3897.81	2.2859e-007
4023.55	2.11657e-007
4149.28	1.95672e-007
4275.02	1.80143e-007
4400.75	1.77516e-007
4526.49	1.66123e-007
4652.23	1.54745e-007
4777.96	1.4422e-007
4903.7	1.31923e-007
5029.43	1.23241e-007
5155.17	1.20228e-007
5280.9	1.13406e-007
5406.64	1.08681e-007
5532.38	9.67399e-008
5658.11	8.71815e-008
5783.85	8.49059e-008
5909.58	7.20207e-008
6035.32	6.86053e-008
6161.06	6.0336e-008
6286.79	6.03352e-008
6412.53	5.4777e-008
6538.26	4.9366e-008
6664	4.05183e-008
6789.73	4.46356e-008
6915.47	3.72252e-008
7041.21	3.5717e-008
7166.94	3.40497e-008
7292.68	2.96066e-008
7418.41	2.52659e-008
7544.15	2.36736e-008
7669.89	2.1276e-008
7795.62	1.72601e-008
7921.36	1.57948e-008
8047.09	1.39264e-008
8172.83	1.49397e-008
8298.56	1.23892e-008
8424.3	1.1687e-008
8550.04	1.107e-008
8675.77	9.22298e-009
8801.51	7.03406e-009
8927.24	7.98993e-009
9052.98	5.40844e-009
9178.72	4.29904e-009
9304.45	5.12632e-009
9430.19	2.70676e-009
9555.92	3.85865e-009
9681.66	3.13063e-009
9807.39	2.49978e-009
9933.13	2.39319e-008
10058.9	1.51953e-008
10184.6	9.68842e-009
10310.3	5.91328e-009
10436.1	4.90805e-009
10561.8	3.35474e-009
10687.5	2.0518e-009
10813.3	1.55028e-009
10939	1.12313e-009
11064.8	7.22153e-010
11190.5	8.81757e-010
11316.2	6.27863e-010
11442	7.21259e-010
11567.7	3.03272e-010
11693.4	4.3376e-010
11819.2	1.8425e-010
11944.9	6.73324e-011
12070.6	1.89921e-010
12196.4	1.44293e-011
12322.1	1.64004e-011
12447.8	9.04877e-011
12573.6	3.40223e-011
12699.3	8.56928e-011
12825.1	0
12950.8	4.47889e-011
13076.5	0
13202.3	0
13328	0
13453.7	0
13579.5	0
13705.2	0
13830.9	0
13956.7	0
14082.4	0
14208.1	0
14333.9	0
14459.6	0
14585.4	0
14711.1	0
14836.8	0
14962.6	0
15088.3	0
15214	0
15339.8	0
15465.5	0
15591.2	0
15717	0
15842.7	0
15968.5	0
16094.2	0
16219.9	0
16345.7	0
16471.4	0
16597.1	0
16722.9	0
16848.6	0
16974.3	0
17100.1	0
17225.8	0
17351.5	0
17477.3	0
17603	0
17728.8	0
17854.5	0
17980.2	0
18106	0
18231.7	0
18357.4	0
18483.2	0
18608.9	0
18734.6	0
18860.4	0
18986.1	0
19111.8	0
19237.6	0
19363.3	0
19489.1	0
19614.8	0
19740.5	0
19866.3	0
19992	0
20117.7	0
20243.5	0
20369.2	0
20494.9	0
20620.7	0
20746.4	0
20872.1	0
20997.9	0
21123.6	0
21249.4	0
21375.1	0
21500.8	0
21626.6	0
21752.3	0
21878	0
22003.8	0
22129.5	0
22255.2	0
22381	0
22506.7	0
22632.4	0
22758.2	0
22883.9	0
23009.7	0
23135.4	0
23261.1	0
23386.9	0
23512.6	0
23638.3	0
23764.1	0
23889.8	0
24015.5	0
24141.3	0
24267	0
24392.8	0
24518.5	0
24644.2	0
24770	0
24895.7	0
25021.4	0
25147.2	0
25272.9	0
25398.6	0
25524.4	0
25650.1	0
25775.8	0
25901.6	0
26027.3	0
26153.1	0
26278.8	0
26404.5	0
26530.3	0
26656	0
26781.7	0
26907.5	0
27033.2	0
27158.9	0
27284.7	0
27410.4	0
27536.1	0
27661.9	0
27787.6	0
27913.4	0
28039.1	0
28164.8	0
28290.6	0
28416.3	0
28542	0
28667.8	0
28793.5	0
28919.2	0
29045	0
29170.7	0
29296.4	0
29422.2	0
29547.9	0
29673.7	0
29799.4	0
29925.1	0
30050.9	0
30176.6	0
30302.3	0
30428.1	0
30553.8	0
30679.5	0
30805.3	0
30931	0
31056.8	0
31182.5	0
31308.2	0
31434	0
31559.7	0
31685.4	0
31811.2	0
31936.9	0
32062.6	0
32188.4	0
32314.1	0
32439.8	0
32565.6	0
32691.3	0
32817.1	0
32942.8	0
33068.5	0
33194.3	0
33320	0
33445.7	0
33571.5	0
33697.2	0
33822.9	0
33948.7	0
34074.4	0
34200.1	0
34325.9	0
34451.6	0
34577.4	0
34703.1	0
34828.8	0
34954.6	0
35080.3	0
35206	0
35331.8	0
35457.5	0
35583.2	0
35709	0
35834.7	0
35960.4	0
36086.2	0
36211.9	0
36337.7	0
36463.4	0
36589.1	0
36714.9	0
36840.6	0
36966.3	0
37092.1	0
37217.8	0
37343.5	0
37469.3	0
37595	0
