Surface Radius of BE
Radius (nm)	Hits (Normalized) / nm²
0	0
125.736	3.28043e-007
251.472	5.75253e-008
377.207	3.31762e-008
502.943	2.8373e-008
628.679	2.33076e-008
754.415	2.21806e-008
880.151	1.86537e-008
1005.89	1.59186e-008
1131.62	1.75901e-008
1257.36	1.54253e-008
1383.09	1.39917e-008
1508.83	1.4101e-008
1634.57	1.30324e-008
1760.3	1.14885e-008
1886.04	1.17479e-008
2011.77	1.19018e-008
2137.51	1.17665e-008
2263.24	1.09029e-008
2388.98	1.0012e-008
2514.72	1.08146e-008
2640.45	9.9242e-009
2766.19	9.5145e-009
2891.92	9.1247e-009
3017.66	8.32491e-009
3143.4	8.65308e-009
3269.13	8.24081e-009
3394.87	8.68774e-009
3520.6	8.18247e-009
3646.34	7.06016e-009
3772.07	7.53947e-009
3897.81	6.96303e-009
4023.55	6.41137e-009
4149.28	6.01955e-009
4275.02	5.65112e-009
4400.75	5.63825e-009
4526.49	5.22798e-009
4652.23	5.08475e-009
4777.96	4.72104e-009
4903.7	4.4052e-009
5029.43	4.07711e-009
5155.17	4.04073e-009
5280.9	3.97025e-009
5406.64	3.76306e-009
5532.38	3.45425e-009
5658.11	3.17604e-009
5783.85	3.15528e-009
5909.58	2.63951e-009
6035.32	2.52913e-009
6161.06	2.26993e-009
6286.79	2.31423e-009
6412.53	2.08428e-009
6538.26	1.95715e-009
6664	1.64358e-009
6789.73	1.75885e-009
6915.47	1.54914e-009
7041.21	1.45422e-009
7166.94	1.40873e-009
7292.68	1.25486e-009
7418.41	1.06811e-009
7544.15	1.04391e-009
7669.89	9.2829e-010
7795.62	7.92242e-010
7921.36	7.43861e-010
8047.09	6.32575e-010
8172.83	7.03497e-010
8298.56	6.07581e-010
8424.3	5.31329e-010
8550.04	5.39988e-010
8675.77	4.5609e-010
8801.51	3.58552e-010
8927.24	3.90395e-010
9052.98	2.80899e-010
9178.72	2.25723e-010
9304.45	2.58074e-010
9430.19	1.64748e-010
9555.92	2.01976e-010
9681.66	1.8475e-010
9807.39	1.34375e-010
9933.13	1.42139e-009
10058.9	9.02926e-010
10184.6	6.05253e-010
10310.3	3.9703e-010
10436.1	3.11069e-010
10561.8	2.18259e-010
10687.5	1.36448e-010
10813.3	1.08752e-010
10939	7.7396e-011
11064.8	5.10076e-011
11190.5	6.30391e-011
11316.2	4.57121e-011
11442	6.1646e-011
11567.7	2.03241e-011
11693.4	3.61878e-011
11819.2	1.59115e-011
11944.9	3.93577e-012
12070.6	1.16837e-011
12196.4	3.8542e-012
12322.1	3.81467e-012
12447.8	7.55189e-012
12573.6	3.738e-012
12699.3	7.4016e-012
12825.1	0
12950.8	3.62859e-012
13076.5	0
13202.3	0
13328	0
13453.7	0
13579.5	0
13705.2	0
13830.9	0
13956.7	0
14082.4	0
14208.1	0
14333.9	0
14459.6	0
14585.4	0
14711.1	0
14836.8	0
14962.6	0
15088.3	0
15214	0
15339.8	0
15465.5	0
15591.2	0
15717	0
15842.7	0
15968.5	0
16094.2	0
16219.9	0
16345.7	0
16471.4	0
16597.1	0
16722.9	0
16848.6	0
16974.3	0
17100.1	0
17225.8	0
17351.5	0
17477.3	0
17603	0
17728.8	0
17854.5	0
17980.2	0
18106	0
18231.7	0
18357.4	0
18483.2	0
18608.9	0
18734.6	0
18860.4	0
18986.1	0
19111.8	0
19237.6	0
19363.3	0
19489.1	0
19614.8	0
19740.5	0
19866.3	0
19992	0
20117.7	0
20243.5	0
20369.2	0
20494.9	0
20620.7	0
20746.4	0
20872.1	0
20997.9	0
21123.6	0
21249.4	0
21375.1	0
21500.8	0
21626.6	0
21752.3	0
21878	0
22003.8	0
22129.5	0
22255.2	0
22381	0
22506.7	0
22632.4	0
22758.2	0
22883.9	0
23009.7	0
23135.4	0
23261.1	0
23386.9	0
23512.6	0
23638.3	0
23764.1	0
23889.8	0
24015.5	0
24141.3	0
24267	0
24392.8	0
24518.5	0
24644.2	0
24770	0
24895.7	0
25021.4	0
25147.2	0
25272.9	0
25398.6	0
25524.4	0
25650.1	0
25775.8	0
25901.6	0
26027.3	0
26153.1	0
26278.8	0
26404.5	0
26530.3	0
26656	0
26781.7	0
26907.5	0
27033.2	0
27158.9	0
27284.7	0
27410.4	0
27536.1	0
27661.9	0
27787.6	0
27913.4	0
28039.1	0
28164.8	0
28290.6	0
28416.3	0
28542	0
28667.8	0
28793.5	0
28919.2	0
29045	0
29170.7	0
29296.4	0
29422.2	0
29547.9	0
29673.7	0
29799.4	0
29925.1	0
30050.9	0
30176.6	0
30302.3	0
30428.1	0
30553.8	0
30679.5	0
30805.3	0
30931	0
31056.8	0
31182.5	0
31308.2	0
31434	0
31559.7	0
31685.4	0
31811.2	0
31936.9	0
32062.6	0
32188.4	0
32314.1	0
32439.8	0
32565.6	0
32691.3	0
32817.1	0
32942.8	0
33068.5	0
33194.3	0
33320	0
33445.7	0
33571.5	0
33697.2	0
33822.9	0
33948.7	0
34074.4	0
34200.1	0
34325.9	0
34451.6	0
34577.4	0
34703.1	0
34828.8	0
34954.6	0
35080.3	0
35206	0
35331.8	0
35457.5	0
35583.2	0
35709	0
35834.7	0
35960.4	0
36086.2	0
36211.9	0
36337.7	0
36463.4	0
36589.1	0
36714.9	0
36840.6	0
36966.3	0
37092.1	0
37217.8	0
37343.5	0
37469.3	0
37595	0
