Energy of Surface Radius of BE
Radius (nm)	KeV / nm²
0	0
53.5762	6.74413e-005
107.152	8.28712e-006
160.729	5.92122e-006
214.305	5.7315e-006
267.881	3.67415e-006
321.457	2.78564e-006
375.033	2.82704e-006
428.609	2.53181e-006
482.186	2.08797e-006
535.762	1.62638e-006
589.338	1.91724e-006
642.914	2.00961e-006
696.49	1.31115e-006
750.066	1.14395e-006
803.643	1.41896e-006
857.219	1.63469e-006
910.795	1.6423e-006
964.371	1.63716e-006
1017.95	1.40337e-006
1071.52	1.24579e-006
1125.1	1.07582e-006
1178.68	1.43506e-006
1232.25	1.06068e-006
1285.83	1.20916e-006
1339.4	1.16576e-006
1392.98	6.73388e-007
1446.56	1.01593e-006
1500.13	8.41991e-007
1553.71	8.7337e-007
1607.29	6.13518e-007
1660.86	8.04246e-007
1714.44	8.06755e-007
1768.01	6.27297e-007
1821.59	4.84059e-007
1875.17	5.97858e-007
1928.74	4.58042e-007
1982.32	5.86106e-007
2035.89	4.33638e-007
2089.47	4.66042e-007
2143.05	4.52259e-007
2196.62	4.32295e-007
2250.2	4.43255e-007
2303.78	3.86678e-007
2357.35	3.1528e-007
2410.93	3.34811e-007
2464.5	3.40164e-007
2518.08	3.0511e-007
2571.66	2.16769e-007
2625.23	1.9727e-007
2678.81	2.44663e-007
2732.38	2.18891e-007
2785.96	1.97507e-007
2839.54	1.3049e-007
2893.11	1.24092e-007
2946.69	1.45774e-007
3000.27	1.58049e-007
3053.84	1.48052e-007
3107.42	9.61218e-008
3160.99	1.23301e-007
3214.57	7.87257e-008
3268.15	8.54642e-008
3321.72	7.75905e-008
3375.3	4.68979e-008
3428.87	4.46217e-008
3482.45	5.87782e-008
3536.03	5.1325e-008
3589.6	6.60065e-008
3643.18	3.90732e-008
3696.76	2.41494e-008
3750.33	1.83107e-008
3803.91	1.17599e-008
3857.48	3.23535e-008
3911.06	2.128e-008
3964.64	2.87299e-008
4018.21	1.92661e-008
4071.79	2.12094e-008
4125.36	1.12797e-008
4178.94	1.13772e-008
4232.52	1.80657e-008
4286.09	7.28653e-009
4339.67	5.84504e-009
4393.25	1.79084e-008
4446.82	0
4500.4	1.24376e-008
4553.97	4.75628e-009
4607.55	4.27726e-009
4661.13	2.89229e-009
4714.7	2.34831e-009
4768.28	0
4821.86	2.22886e-009
4875.43	1.8184e-010
4929.01	3.11344e-009
4982.58	2.74261e-009
5036.16	0
5089.74	0
5143.31	0
5196.89	0
5250.46	4.40582e-010
5304.04	0
5357.62	1.18907e-009
5411.19	0
5464.77	0
5518.35	0
5571.92	0
5625.5	0
5679.07	0
5732.65	0
5786.23	0
5839.8	0
5893.38	0
5946.95	0
6000.53	0
6054.11	0
6107.68	0
6161.26	0
6214.84	0
6268.41	0
6321.99	0
6375.56	0
6429.14	0
6482.72	0
6536.29	0
6589.87	0
6643.44	0
6697.02	0
6750.6	0
6804.17	0
6857.75	0
6911.33	0
6964.9	0
7018.48	0
7072.05	0
7125.63	0
7179.21	0
7232.78	0
7286.36	0
7339.94	0
7393.51	0
7447.09	0
7500.66	0
7554.24	0
7607.82	0
7661.39	0
7714.97	0
7768.54	0
7822.12	0
7875.7	0
7929.27	0
7982.85	0
8036.43	0
8090	0
8143.58	0
8197.15	0
8250.73	0
8304.31	0
8357.88	0
8411.46	0
8465.03	0
8518.61	0
8572.19	0
8625.76	0
8679.34	0
8732.92	0
8786.49	0
8840.07	0
8893.64	0
8947.22	0
9000.8	0
9054.37	0
9107.95	0
9161.52	0
9215.1	0
9268.68	0
9322.25	0
9375.83	0
9429.41	0
9482.98	0
9536.56	0
9590.13	0
9643.71	0
9697.29	0
9750.86	0
9804.44	0
9858.01	0
9911.59	0
9965.17	0
10018.7	0
10072.3	0
10125.9	0
10179.5	0
10233	0
10286.6	0
10340.2	0
10393.8	0
10447.4	0
10500.9	0
10554.5	0
10608.1	0
10661.7	0
10715.2	0
10768.8	0
10822.4	0
10876	0
10929.5	0
10983.1	0
11036.7	0
11090.3	0
11143.8	0
11197.4	0
11251	0
11304.6	0
11358.1	0
11411.7	0
11465.3	0
11518.9	0
11572.5	0
11626	0
11679.6	0
11733.2	0
11786.8	0
11840.3	0
11893.9	0
11947.5	0
12001.1	0
12054.6	0
12108.2	0
12161.8	0
12215.4	0
12268.9	0
12322.5	0
12376.1	0
12429.7	0
12483.2	0
12536.8	0
12590.4	0
12644	0
12697.6	0
12751.1	0
12804.7	0
12858.3	0
12911.9	0
12965.4	0
13019	0
13072.6	0
13126.2	0
13179.7	0
13233.3	0
13286.9	0
13340.5	0
13394	0
13447.6	0
13501.2	0
13554.8	0
13608.3	0
13661.9	0
13715.5	0
13769.1	0
13822.7	0
13876.2	0
13929.8	0
13983.4	0
14037	0
14090.5	0
14144.1	0
14197.7	0
14251.3	0
14304.8	0
14358.4	0
14412	0
14465.6	0
14519.1	0
14572.7	0
14626.3	0
14679.9	0
14733.4	0
14787	0
14840.6	0
14894.2	0
14947.8	0
15001.3	0
15054.9	0
15108.5	0
15162.1	0
15215.6	0
15269.2	0
15322.8	0
15376.4	0
15429.9	0
15483.5	0
15537.1	0
15590.7	0
15644.2	0
15697.8	0
15751.4	0
15805	0
15858.5	0
15912.1	0
15965.7	0
16019.3	0
