Energy of Surface Radius of BE
Radius (nm)	KeV / nm²
0	0
53.5762	0.000101402
107.152	7.67443e-006
160.729	0
214.305	1.02587e-006
267.881	1.25533e-006
321.457	3.94183e-006
375.033	2.00283e-006
428.609	1.97136e-006
482.186	2.37595e-006
535.762	1.37716e-006
589.338	3.35653e-006
642.914	1.5727e-006
696.49	4.01664e-007
750.066	1.07206e-006
803.643	2.88046e-006
857.219	1.62887e-006
910.795	1.73999e-006
964.371	2.79289e-006
1017.95	1.83642e-006
1071.52	1.57441e-006
1125.1	1.98871e-006
1178.68	1.26757e-006
1232.25	1.83653e-006
1285.83	1.44594e-006
1339.4	7.72472e-007
1392.98	1.34565e-006
1446.56	4.60994e-007
1500.13	5.93842e-007
1553.71	4.70918e-007
1607.29	6.12611e-007
1660.86	9.67161e-007
1714.44	1.23638e-006
1768.01	6.37642e-007
1821.59	1.23505e-007
1875.17	5.69056e-007
1928.74	5.82002e-007
1982.32	6.60779e-007
2035.89	5.84699e-007
2089.47	3.21877e-007
2143.05	1.923e-007
2196.62	1.8798e-007
2250.2	2.94135e-007
2303.78	3.09007e-007
2357.35	1.98723e-007
2410.93	8.43401e-008
2464.5	3.72788e-007
2518.08	3.98575e-007
2571.66	4.69655e-007
2625.23	3.35257e-007
2678.81	4.33304e-007
2732.38	7.88609e-008
2785.96	1.87098e-007
2839.54	1.37435e-007
2893.11	3.67249e-008
2946.69	6.06128e-008
3000.27	1.10488e-007
3053.84	3.33055e-008
3107.42	1.18089e-007
3160.99	2.85906e-007
3214.57	4.67164e-008
3268.15	0
3321.72	2.22922e-007
3375.3	1.04597e-007
3428.87	2.89216e-008
3482.45	8.98281e-008
3536.03	4.87617e-008
3589.6	3.85662e-008
3643.18	2.14336e-008
3696.76	0
3750.33	3.82436e-008
3803.91	3.43265e-008
3857.48	0
3911.06	0
3964.64	2.40592e-008
4018.21	0
4071.79	0
4125.36	6.01917e-008
4178.94	0
4232.52	0
4286.09	0
4339.67	0
4393.25	0
4446.82	0
4500.4	0
4553.97	0
4607.55	0
4661.13	0
4714.7	3.29266e-008
4768.28	0
4821.86	0
4875.43	0
4929.01	0
4982.58	0
5036.16	0
5089.74	0
5143.31	0
5196.89	0
5250.46	0
5304.04	0
5357.62	0
5411.19	0
5464.77	0
5518.35	0
5571.92	0
5625.5	0
5679.07	0
5732.65	0
5786.23	0
5839.8	0
5893.38	0
5946.95	0
6000.53	0
6054.11	0
6107.68	0
6161.26	0
6214.84	0
6268.41	0
6321.99	0
6375.56	0
6429.14	0
6482.72	0
6536.29	0
6589.87	0
6643.44	0
6697.02	0
6750.6	0
6804.17	0
6857.75	0
6911.33	0
6964.9	0
7018.48	0
7072.05	0
7125.63	0
7179.21	0
7232.78	0
7286.36	0
7339.94	0
7393.51	0
7447.09	0
7500.66	0
7554.24	0
7607.82	0
7661.39	0
7714.97	0
7768.54	0
7822.12	0
7875.7	0
7929.27	0
7982.85	0
8036.43	0
8090	0
8143.58	0
8197.15	0
8250.73	0
8304.31	0
8357.88	0
8411.46	0
8465.03	0
8518.61	0
8572.19	0
8625.76	0
8679.34	0
8732.92	0
8786.49	0
8840.07	0
8893.64	0
8947.22	0
9000.8	0
9054.37	0
9107.95	0
9161.52	0
9215.1	0
9268.68	0
9322.25	0
9375.83	0
9429.41	0
9482.98	0
9536.56	0
9590.13	0
9643.71	0
9697.29	0
9750.86	0
9804.44	0
9858.01	0
9911.59	0
9965.17	0
10018.7	0
10072.3	0
10125.9	0
10179.5	0
10233	0
10286.6	0
10340.2	0
10393.8	0
10447.4	0
10500.9	0
10554.5	0
10608.1	0
10661.7	0
10715.2	0
10768.8	0
10822.4	0
10876	0
10929.5	0
10983.1	0
11036.7	0
11090.3	0
11143.8	0
11197.4	0
11251	0
11304.6	0
11358.1	0
11411.7	0
11465.3	0
11518.9	0
11572.5	0
11626	0
11679.6	0
11733.2	0
11786.8	0
11840.3	0
11893.9	0
11947.5	0
12001.1	0
12054.6	0
12108.2	0
12161.8	0
12215.4	0
12268.9	0
12322.5	0
12376.1	0
12429.7	0
12483.2	0
12536.8	0
12590.4	0
12644	0
12697.6	0
12751.1	0
12804.7	0
12858.3	0
12911.9	0
12965.4	0
13019	0
13072.6	0
13126.2	0
13179.7	0
13233.3	0
13286.9	0
13340.5	0
13394	0
13447.6	0
13501.2	0
13554.8	0
13608.3	0
13661.9	0
13715.5	0
13769.1	0
13822.7	0
13876.2	0
13929.8	0
13983.4	0
14037	0
14090.5	0
14144.1	0
14197.7	0
14251.3	0
14304.8	0
14358.4	0
14412	0
14465.6	0
14519.1	0
14572.7	0
14626.3	0
14679.9	0
14733.4	0
14787	0
14840.6	0
14894.2	0
14947.8	0
15001.3	0
15054.9	0
15108.5	0
15162.1	0
15215.6	0
15269.2	0
15322.8	0
15376.4	0
15429.9	0
15483.5	0
15537.1	0
15590.7	0
15644.2	0
15697.8	0
15751.4	0
15805	0
15858.5	0
15912.1	0
15965.7	0
16019.3	0
