Surface Radius of BE
Radius (nm)	Hits (Normalized) / nm²
0	0
53.5762	3.53916e-006
107.152	2.6216e-007
160.729	0
214.305	5.61771e-008
267.881	4.36933e-008
321.457	1.42996e-007
375.033	9.07477e-008
428.609	7.8648e-008
482.186	9.25271e-008
535.762	6.20905e-008
589.338	1.49806e-007
642.914	6.83896e-008
696.49	1.57296e-008
750.066	4.36933e-008
803.643	1.2204e-007
857.219	6.34258e-008
910.795	7.14982e-008
964.371	1.2359e-007
1017.95	8.50249e-008
1071.52	8.06646e-008
1125.1	8.6321e-008
1178.68	5.48707e-008
1232.25	7.8648e-008
1285.83	6.69345e-008
1339.4	4.01265e-008
1392.98	6.16847e-008
1446.56	2.22589e-008
1500.13	2.85993e-008
1553.71	2.75958e-008
1607.29	3.33254e-008
1660.86	4.51259e-008
1714.44	5.61771e-008
1768.01	3.02492e-008
1821.59	5.86925e-009
1875.17	3.41948e-008
1928.74	3.32316e-008
1982.32	3.77079e-008
2035.89	3.67024e-008
2089.47	1.5321e-008
2143.05	9.95544e-009
2196.62	9.70963e-009
2250.2	1.42135e-008
2303.78	1.38791e-008
2357.35	9.04e-009
2410.93	4.41843e-009
2464.5	2.16066e-008
2518.08	2.53703e-008
2571.66	2.48362e-008
2625.23	1.62161e-008
2678.81	2.38327e-008
2732.38	3.89347e-009
2785.96	1.14536e-008
2839.54	7.49029e-009
2893.11	3.67514e-009
2946.69	3.60771e-009
3000.27	7.08541e-009
3053.84	3.48e-009
3107.42	6.83896e-009
3160.99	1.68051e-008
3214.57	3.30454e-009
3268.15	0
3321.72	1.27883e-008
3375.3	6.29184e-009
3428.87	3.09638e-009
3482.45	6.09674e-009
3536.03	3.00183e-009
3589.6	2.95669e-009
3643.18	2.91289e-009
3696.76	0
3750.33	2.82906e-009
3803.91	2.78894e-009
3857.48	0
3911.06	0
3964.64	2.6751e-009
4018.21	0
4071.79	0
4125.36	5.14039e-009
4178.94	0
4232.52	0
4286.09	0
4339.67	0
4393.25	0
4446.82	0
4500.4	0
4553.97	0
4607.55	0
4661.13	0
4714.7	2.24709e-009
4768.28	0
4821.86	0
4875.43	0
4929.01	0
4982.58	0
5036.16	0
5089.74	0
5143.31	0
5196.89	0
5250.46	0
5304.04	0
5357.62	0
5411.19	0
5464.77	0
5518.35	0
5571.92	0
5625.5	0
5679.07	0
5732.65	0
5786.23	0
5839.8	0
5893.38	0
5946.95	0
6000.53	0
6054.11	0
6107.68	0
6161.26	0
6214.84	0
6268.41	0
6321.99	0
6375.56	0
6429.14	0
6482.72	0
6536.29	0
6589.87	0
6643.44	0
6697.02	0
6750.6	0
6804.17	0
6857.75	0
6911.33	0
6964.9	0
7018.48	0
7072.05	0
7125.63	0
7179.21	0
7232.78	0
7286.36	0
7339.94	0
7393.51	0
7447.09	0
7500.66	0
7554.24	0
7607.82	0
7661.39	0
7714.97	0
7768.54	0
7822.12	0
7875.7	0
7929.27	0
7982.85	0
8036.43	0
8090	0
8143.58	0
8197.15	0
8250.73	0
8304.31	0
8357.88	0
8411.46	0
8465.03	0
8518.61	0
8572.19	0
8625.76	0
8679.34	0
8732.92	0
8786.49	0
8840.07	0
8893.64	0
8947.22	0
9000.8	0
9054.37	0
9107.95	0
9161.52	0
9215.1	0
9268.68	0
9322.25	0
9375.83	0
9429.41	0
9482.98	0
9536.56	0
9590.13	0
9643.71	0
9697.29	0
9750.86	0
9804.44	0
9858.01	0
9911.59	0
9965.17	0
10018.7	0
10072.3	0
10125.9	0
10179.5	0
10233	0
10286.6	0
10340.2	0
10393.8	0
10447.4	0
10500.9	0
10554.5	0
10608.1	0
10661.7	0
10715.2	0
10768.8	0
10822.4	0
10876	0
10929.5	0
10983.1	0
11036.7	0
11090.3	0
11143.8	0
11197.4	0
11251	0
11304.6	0
11358.1	0
11411.7	0
11465.3	0
11518.9	0
11572.5	0
11626	0
11679.6	0
11733.2	0
11786.8	0
11840.3	0
11893.9	0
11947.5	0
12001.1	0
12054.6	0
12108.2	0
12161.8	0
12215.4	0
12268.9	0
12322.5	0
12376.1	0
12429.7	0
12483.2	0
12536.8	0
12590.4	0
12644	0
12697.6	0
12751.1	0
12804.7	0
12858.3	0
12911.9	0
12965.4	0
13019	0
13072.6	0
13126.2	0
13179.7	0
13233.3	0
13286.9	0
13340.5	0
13394	0
13447.6	0
13501.2	0
13554.8	0
13608.3	0
13661.9	0
13715.5	0
13769.1	0
13822.7	0
13876.2	0
13929.8	0
13983.4	0
14037	0
14090.5	0
14144.1	0
14197.7	0
14251.3	0
14304.8	0
14358.4	0
14412	0
14465.6	0
14519.1	0
14572.7	0
14626.3	0
14679.9	0
14733.4	0
14787	0
14840.6	0
14894.2	0
14947.8	0
15001.3	0
15054.9	0
15108.5	0
15162.1	0
15215.6	0
15269.2	0
15322.8	0
15376.4	0
15429.9	0
15483.5	0
15537.1	0
15590.7	0
15644.2	0
15697.8	0
15751.4	0
15805	0
15858.5	0
15912.1	0
15965.7	0
16019.3	0
